# task222.onnx

## Initializers
V: float32 (30, 8) [[0.07111309468746185, -0.004408785607665777, -0.1213788315653801, 0.016159595921635628, 0.009611818939447403, -0.009671931155025959, 0.6380762457847595, 0.024594711139798164], [0.14336009323596954, 0.07672256231307983, -0.31664133071899414, 0.2621147632598877, -0.04965772479772568, -0.0780479684472084, 0.4718649387359619, 0.14692482352256775], [0.19673389196395874, -0.1632257103919983, -0.38900408148765564, -0.3695763945579529, -0.1579127162694931, 0.11600913852453232, -0.1461123824119568, -0.31006336212158203], [0.23569810390472412, 0.21488219499588013, -0.23508182168006897, 0.23136483132839203, -0.3018532991409302, 0.028154585510492325, -0.09804318845272064, 0.4350545108318329], [0.23600700497627258, -0.26679062843322754, -0.14459654688835144, -0.10148243606090546, -0.3777202069759369, -0.24780504405498505, 0.0102720707654953, -0.349312424659729], [0.2617797553539276, 0.284904807806015, 0.03751053288578987, -0.018175756558775902, -0.3689930737018585, 0.4017001986503601, 0.13123847544193268, 0.06398643553256989], [0.3401322066783905, -0.3031351566314697, 0.16809198260307312, 0.21862290799617767, -0.3168495297431946, -0.39623185992240906, -0.16209445893764496, 0.14323662221431732], [0.37914931774139404, 0.32503214478492737, 0.3056560158729553, -0.3850383460521698, -0.12071020156145096, 0.19845890998840332, 0.03966905176639557, -0.11782202869653702], [0.3189746141433716, -0.3409264385700226, 0.32029643654823303, 0.3506219685077667, 0.041734322905540466, 0.11214277893304825, 0.1271919310092926, 0.012519516982138157], [0.33862707018852234, 0.3784599304199219, 0.20250840485095978, -0.19198483228683472, 0.2804746925830841, -0.33424779772758484, -0.09927982836961746, 0.042698055505752563], [0.31305569410324097, -0.2820400297641754, 0.047866687178611755, -0.006698233541101217, 0.33641329407691956, 0.4267943501472473, -0.09222201257944107, 0.03991230949759483], [0.2712589204311371, 0.22099412977695465, -0.09870408475399017, 0.1498953402042389, 0.3005990982055664, -0.2864951491355896, 0.2412889450788498, -0.24512508511543274], [0.28970304131507874, -0.24210579693317413, -0.2245154231786728, -0.30678513646125793, 0.3344670832157135, -0.0059269326739013195, -0.14854253828525543, 0.42269614338874817], [0.23755422234535217, 0.20757538080215454, -0.3458378314971924, 0.4300590753555298, 0.19516204297542572, 0.1634458750486374, -0.28158363699913025, -0.29640817642211914], [0.12448564916849136, -0.12819743156433105, -0.3230809271335602, -0.26479431986808777, 0.16711901128292084, -0.13443298637866974, 0.5187957882881165, 0.14599080383777618], [0.07375934720039368, -0.0516926534473896, -0.16904817521572113, 0.0023324245121330023, -0.0007080431096255779, 0.009656043723225594, 0.6264134049415588, -0.01647006720304489], [0.0, 0.0, 0.0, 0.0, 0.0, 0.0, 0.0, 0.0], [0.0, 0.0, 0.0, 0.0, 0.0, 0.0, 0.0, 0.0], [0.0, 0.0, 0.0, 0.0, 0.0, 0.0, 0.0, 0.0], [0.0, 0.0, 0.0, 0.0, 0.0, 0.0, 0.0, 0.0], [0.0, 0.0, 0.0, 0.0, 0.0, 0.0, 0.0, 0.0], [0.0, 0.0, 0.0, 0.0, 0.0, 0.0, 0.0, 0.0], [0.0, 0.0, 0.0, 0.0, 0.0, 0.0, 0.0, 0.0], [0.0, 0.0, 0.0, 0.0, 0.0, 0.0, 0.0, 0.0], [0.0, 0.0, 0.0, 0.0, 0.0, 0.0, 0.0, 0.0], [0.0, 0.0, 0.0, 0.0, 0.0, 0.0, 0.0, 0.0], [0.0, 0.0, 0.0, 0.0, 0.0, 0.0, 0.0, 0.0], [0.0, 0.0, 0.0, 0.0, 0.0, 0.0, 0.0, 0.0], [0.0, 0.0, 0.0, 0.0, 0.0, 0.0, 0.0, 0.0], [0.0, 0.0, 0.0, 0.0, 0.0, 0.0, 0.0, 0.0]]
U: float32 (2, 8) [[1.033915400505066, 0.9340221881866455, 0.97968590259552, 0.9753254652023315, 0.9905539155006409, 0.9631938934326172, 1.0972437858581543, 0.9238940477371216], [0.07361043244600296, -0.05540645495057106, 0.07857492566108704, -0.04707624390721321, 0.07384075224399567, -0.05789769068360329, -0.010300989262759686, -0.05911927670240402]]
A: float32 (2, 2) [[-1.2890764474868774, -0.09637711197137833], [-399.4288330078125, 676572.75]]
S: float32 (10, 2) [[-1.0, 0.0], [1.0, 1.0], [1.0, 1.0], [1.0, 1.0], [1.0, 1.0], [1.0, 1.0], [1.0, 1.0], [1.0, 1.0], [1.0, 1.0], [1.0, 1.0]]
P: float32 (10, 10) [[10.0, -10.0, -10.0, -10.0, -10.0, -10.0, -10.0, -10.0, -10.0, -10.0], [0.0, 10.0, 0.0, 0.0, 0.0, 0.0, 0.0, 0.0, 0.0, 0.0], [0.0, 0.0, 10.0, 0.0, 0.0, 0.0, 0.0, 0.0, 0.0, 0.0], [0.0, 0.0, 0.0, 10.0, 0.0, 0.0, 0.0, 0.0, 0.0, 0.0], [0.0, 0.0, 0.0, 0.0, 10.0, 0.0, 0.0, 0.0, 0.0, 0.0], [0.0, 0.0, 0.0, 0.0, 0.0, 10.0, 0.0, 0.0, 0.0, 0.0], [0.0, 0.0, 0.0, 0.0, 0.0, 0.0, 10.0, 0.0, 0.0, 0.0], [0.0, 0.0, 0.0, 0.0, 0.0, 0.0, 0.0, 10.0, 0.0, 0.0], [0.0, 0.0, 0.0, 0.0, 0.0, 0.0, 0.0, 0.0, 10.0, 0.0], [0.0, 0.0, 0.0, 0.0, 0.0, 0.0, 0.0, 0.0, 0.0, 10.0]]

## Value info

## Nodes
00 Einsum ['input', 'input', 'V', 'U', 'V', 'input', 'V', 'U', 'V', 'input', 'input', 'V', 'U', 'V', 'input', 'V', 'U', 'V', 'A', 'S', 'P'] -> ['output'] {'equation': b'bkxy,bkxD,Da,ma,ya,bkEy,Eg,mg,xg,bkrc,bkrF,Fp,np,cp,bkHc,Hq,nq,rq,nm,kn,ok->borc'}
