# task012.onnx

## Initializers
w: float32 (10, 1, 7, 10) [[[[173.0, 60.0, -168.0, -168.0, -153.0, -153.0, 97.0, 75.0, 261.0, -25.0], [-60.0, 108.0, 538.0, -833.0, 642.0, 94.0, 145.0, -249.0, -128.0, -52.0], [-113.0, 577.0, -1081.0, 1229.0, -1022.0, 557.0, -24.0, -23.0, -100.0, 54.0], [-113.0, -947.0, 1411.0, 3117.0, 1184.0, -785.0, -491.0, 408.0, 137.0, -52.0], [-147.0, 481.0, -1080.0, 1397.0, -1183.0, 820.0, -156.0, -211.0, -110.0, 144.0], [46.0, 101.0, 575.0, -853.0, 428.0, -113.0, 302.0, -110.0, -96.0, -160.0], [145.0, -46.0, -235.0, -149.0, 103.0, -238.0, 128.0, -64.0, 174.0, 114.0]]], [[[-1879.0, -2145.0, -897.0, 1127.0, -2145.0, -2145.0, -1461.0, 1079.0, 0.0, -1600.0], [-1879.0, 4885.0, 2582.0, -6921.0, 3127.0, 4048.0, -1145.0, 1079.0, 521.0, -1079.0], [-1879.0, 2570.0, 4061.0, -358.0, 4048.0, 1291.0, -2539.0, -836.0, 0.0, 0.0], [436.0, -4958.0, -1145.0, 6194.0, -412.0, -3739.0, 3212.0, 1079.0, 0.0, -1067.0], [-1879.0, 2570.0, 4061.0, 776.0, 4048.0, 1836.0, -1145.0, -836.0, -12.0, -230.0], [-1879.0, 4885.0, 1448.0, -4958.0, 1448.0, 4048.0, -1691.0, -303.0, 1067.0, 0.0], [-1879.0, -2430.0, -1467.0, 2521.0, -2430.0, -2430.0, -79.0, 1079.0, 0.0, -2145.0]]], [[[-1879.0, -2145.0, -897.0, 1127.0, -2145.0, -2145.0, -1461.0, 1079.0, 0.0, -1600.0], [-1879.0, 4885.0, 2582.0, -6921.0, 3127.0, 4048.0, -1145.0, 1079.0, 521.0, -1079.0], [-1879.0, 2570.0, 4061.0, -358.0, 4048.0, 1291.0, -2539.0, -836.0, 0.0, 0.0], [436.0, -4958.0, -1145.0, 6194.0, -412.0, -3739.0, 3212.0, 1079.0, 0.0, -1067.0], [-1879.0, 2570.0, 4061.0, 776.0, 4048.0, 1836.0, -1145.0, -836.0, -12.0, -230.0], [-1879.0, 4885.0, 1448.0, -4958.0, 1448.0, 4048.0, -1691.0, -303...
b: float32 (10,) [-3357.0, -3848.0, -3848.0, -3848.0, -3848.0, -3848.0, -3848.0, -3848.0, -3848.0, -3848.0]

## Value info

## Nodes
00 Conv ['input', 'w', 'b'] -> ['output'] {'group': 10, 'kernel_shape': [7, 10], 'pads': [3, 3, 3, 6]}
