# task275.onnx

## Initializers
S: float32 (3, 10) [[1.9418790340423584, -0.7785672545433044, 0.37265053391456604, -0.6090477705001831, -0.2038806527853012, 1.8231890201568604, 1.4492106437683105, 1.1237913370132446, 1.9685605764389038, 1.468561053276062], [-0.5176852345466614, -0.8495571613311768, -0.8749770522117615, -0.8727235794067383, -0.8740257620811462, 1.1450384855270386, 0.851912260055542, 0.4754478931427002, 2.289144277572632, 0.8770673871040344], [0.36831992864608765, -2.520536184310913, -0.7641252279281616, -1.7235164642333984, -1.1482840776443481, -1.5149351358413696, -1.3246921300888062, -1.2988990545272827, 0.3471754491329193, -1.453864574432373]]
T: float32 (3, 3) [[-1.4788926839828491, 0.4171452522277832, 0.759777843952179], [0.28013527393341064, 1.7827308177947998, 1.509266972541809], [1.3630433082580566, -0.599277138710022, -0.8884902596473694]]
W: float32 (3, 3) [[0.2623671889305115, -1.5470532178878784, -0.6504282355308533], [1.49312424659729, -1.2775490283966064, 1.771954894065857], [-1.6836700439453125, 0.06909272819757462, -0.3951668441295624]]
MA: float32 (30, 2) [[1.0, 0.0], [1.0, 1.0], [0.0, 1.0], [1.0, 0.0], [1.0, 0.0], [0.0, 1.0], [1.0, 1.0], [1.0, 0.0], [1.0, 1.0], [0.0, 1.0], [0.0, 1.0], [1.0, 0.0], [1.0, 0.0], [0.0, 1.0], [0.0, 1.0], [1.0, 0.0], [0.0, 0.0], [0.0, 0.0], [0.0, 0.0], [0.0, 0.0], [0.0, 0.0], [0.0, 0.0], [0.0, 0.0], [0.0, 0.0], [0.0, 0.0], [0.0, 0.0], [0.0, 0.0], [0.0, 0.0], [0.0, 0.0], [0.0, 0.0]]
MB: float32 (30, 2, 2) [[[1.0, 0.0], [1.0, 0.0]], [[0.0, 1.0], [0.0, 0.0]], [[1.0, 0.0], [1.0, 0.0]], [[1.0, 0.0], [0.0, 1.0]], [[0.0, 1.0], [1.0, 0.0]], [[0.0, 1.0], [1.0, 0.0]], [[1.0, 0.0], [0.0, 0.0]], [[0.0, 1.0], [0.0, 1.0]], [[0.0, 0.0], [1.0, 0.0]], [[0.0, 1.0], [0.0, 0.0]], [[1.0, 0.0], [0.0, 0.0]], [[0.0, 0.0], [0.0, 1.0]], [[0.0, 0.0], [1.0, 0.0]], [[0.0, 1.0], [0.0, 0.0]], [[1.0, 0.0], [0.0, 0.0]], [[0.0, 0.0], [0.0, 1.0]], [[0.0, 0.0], [0.0, 0.0]], [[0.0, 0.0], [0.0, 0.0]], [[0.0, 0.0], [0.0, 0.0]], [[0.0, 0.0], [0.0, 0.0]], [[0.0, 0.0], [0.0, 0.0]], [[0.0, 0.0], [0.0, 0.0]], [[0.0, 0.0], [0.0, 0.0]], [[0.0, 0.0], [0.0, 0.0]], [[0.0, 0.0], [0.0, 0.0]], [[0.0, 0.0], [0.0, 0.0]], [[0.0, 0.0], [0.0, 0.0]], [[0.0, 0.0], [0.0, 0.0]], [[0.0, 0.0], [0.0, 0.0]], [[0.0, 0.0], [0.0, 0.0]]]
BA: float32 (30, 2) [[1.0, 0.0], [1.0, 0.0], [1.0, 0.0], [1.0, 0.0], [1.0, 1.0], [1.0, 1.0], [0.0, 1.0], [0.0, 1.0], [0.0, 1.0], [0.0, 1.0], [0.0, 1.0], [0.0, 1.0], [1.0, 0.0], [1.0, 0.0], [1.0, 0.0], [1.0, 0.0], [0.0, 0.0], [0.0, 0.0], [0.0, 0.0], [0.0, 0.0], [0.0, 0.0], [0.0, 0.0], [0.0, 0.0], [0.0, 0.0], [0.0, 0.0], [0.0, 0.0], [0.0, 0.0], [0.0, 0.0], [0.0, 0.0], [0.0, 0.0]]
BB: float32 (30, 2, 2) [[[1.0, 0.0], [1.0, 0.0]], [[1.0, 0.0], [1.0, 0.0]], [[1.0, 0.0], [1.0, 0.0]], [[0.0, 1.0], [1.0, 0.0]], [[0.0, 1.0], [0.0, 0.0]], [[0.0, 1.0], [0.0, 0.0]], [[0.0, 1.0], [1.0, 0.0]], [[0.0, 1.0], [1.0, 0.0]], [[1.0, 0.0], [1.0, 0.0]], [[1.0, 0.0], [0.0, 0.0]], [[1.0, 0.0], [0.0, 0.0]], [[1.0, 0.0], [0.0, 0.0]], [[0.0, 0.0], [0.0, 1.0]], [[0.0, 0.0], [0.0, 1.0]], [[0.0, 0.0], [0.0, 1.0]], [[0.0, 0.0], [0.0, 1.0]], [[0.0, 0.0], [0.0, 0.0]], [[0.0, 0.0], [0.0, 0.0]], [[0.0, 0.0], [0.0, 0.0]], [[0.0, 0.0], [0.0, 0.0]], [[0.0, 0.0], [0.0, 0.0]], [[0.0, 0.0], [0.0, 0.0]], [[0.0, 0.0], [0.0, 0.0]], [[0.0, 0.0], [0.0, 0.0]], [[0.0, 0.0], [0.0, 0.0]], [[0.0, 0.0], [0.0, 0.0]], [[0.0, 0.0], [0.0, 0.0]], [[0.0, 0.0], [0.0, 0.0]], [[0.0, 0.0], [0.0, 0.0]], [[0.0, 0.0], [0.0, 0.0]]]
GW: float32 (2, 1, 1, 1) [[[[1.0]]], [[[0.0]]]]
GB: float32 (2,) [-25.0, 1.0]
GU: float32 (2, 2) [[1.0, -1.0], [1.0, 1.0]]
GV: float32 (2, 2) [[-1.0, 1.0], [7.0, 7.0]]

## Value info

## Nodes
00 ReduceSum ['input'] -> ['total'] {'axes': [1, 2, 3], 'keepdims': 1}
01 Conv ['total', 'GW', 'GB'] -> ['gate'] {}
02 Einsum ['input', 'S', 'MA', 'MB', 'MA', 'MB', 'input', 'S', 'MA', 'MB', 'MA', 'MB', 'input', 'S', 'T', 'MA', 'MB', 'MA', 'MB', 'gate', 'GU', 'GV', 'gate', 'GU', 'GV', 'gate', 'GU', 'GV', 'gate', 'GU', 'GV', 'BA', 'BB', 'MA', 'MB', 'BA', 'BB', 'MA', 'MB', 'S', 'W'] -> ['output'] {'equation': b'bchw,lc,hP,hpv,wQ,wqy,bdmn,ld,mP,mpv,nQ,nqy,btxu,gt,gl,xR,xrz,uS,uso,EAFG,AP,Ap,HBJK,BQ,Bq,LCMN,CR,Cr,ODTU,DS,Ds,iP,ipv,iR,irz,jQ,jqy,jS,jso,ak,al->bkij'}
