# task397.onnx

## Initializers
even_idx: int32 (5,) [0, 2, 4, 6, 8]
log_mul: float16 () 0.360595703125
three_f16: float16 () 3.25
one_u8: int8 () 1
h_thresholds: float32 (4,) [2.5, 3.5, 4.5, 5.5]
col_marker_f16: float16 (1, 1, 1, 1, 4) [[[[[0.0, 0.0, 1.0, -1.0]]]]]
idx_marker_f16: float16 (1, 2, 1, 1, 4) [[[[[0.0, 0.0, -1.0, -1.0]]], [[[0.0, 3.0, -1.0, -1.0]]]]]
upd_slope_f16: float16 (2, 2, 1, 1) [[[[1.0]], [[-1.0]]], [[[1.0]], [[-1.0]]]]
neg_one_11_f16: float16 (1, 1) [[-1.0]]
neg_row_offsets_i8: int8 (1, 1, 1, 4, 1) [[[[[-2], [-3], [-4], [-5]]]]]
pos_col_offsets_i8: int8 (2, 1, 1, 1, 1) [[[[[0]]]], [[[[1]]]]]
neg_color_w4: float16 (1, 10, 1, 1) [[[[-0.0]], [[-0.5]], [[-1.5]], [[-0.0]], [[-2.5]], [[-3.5]], [[-4.5]], [[-5.5]], [[-6.5]], [[-7.5]]]]
neg_row_w4: float16 (1, 1, 30, 1) [[[[1.52587890625e-05], [0.000244140625], [0.00390625], [0.0625], [1.0], [16.0], [256.0], [4096.0], [0.0], [0.0], [0.0], [0.0], [0.0], [0.0], [0.0], [0.0], [0.0], [0.0], [0.0], [0.0], [0.0], [0.0], [0.0], [0.0], [0.0], [0.0], [0.0], [0.0], [0.0], [0.0]]]]
reduce_axes012: int64 (3,) [0, 1, 2]
axes12: int64 (2,) [1, 2]

## Nodes
00 Shape ['input'] -> ['batch_shape'] {'end': 1}
01 CenterCropPad ['input', 'batch_shape'] -> ['input_cloak'] {'axes': [0]}
02 CastLike ['input_cloak', 'log_mul'] -> ['input_f16'] {}
03 CenterCropPad ['neg_color_w4', 'batch_shape'] -> ['neg_color_cloak'] {'axes': [0]}
04 CenterCropPad ['neg_row_w4', 'batch_shape'] -> ['neg_row_cloak'] {'axes': [0]}
05 PRelu ['neg_color_cloak', 'input_f16'] -> ['cw'] {}
06 PRelu ['cw', 'neg_row_cloak'] -> ['crw'] {}
07 ReduceL1 ['crw', 'reduce_axes012'] -> ['desc'] {'keepdims': 0}
08 Gather ['desc', 'even_idx'] -> ['even_desc'] {'axis': 0}
09 Shape ['reduce_axes012'] -> ['idx_shape3'] {'end': 1}
10 TopK ['even_desc', 'idx_shape3'] -> ['sel_even', 'sel_pos'] {'axis': 0}
11 Cast ['sel_pos'] -> ['sel_pos_u8'] {'to': 3}
12 Add ['sel_pos_u8', 'sel_pos_u8'] -> ['even_col'] {}
13 Sub ['even_col', 'one_u8'] -> ['left_idx_i8'] {}
14 CenterCropPad ['left_idx_i8', 'idx_shape3'] -> ['left_idx_cloak'] {'axes': [0]}
15 CastLike ['left_idx_cloak', 'even_idx'] -> ['left_idx_i32'] {}
16 Gather ['desc', 'left_idx_i32'] -> ['left_neighbor'] {'axis': 0}
17 Log ['sel_even'] -> ['ln_desc'] {}
18 Mul ['ln_desc', 'log_mul'] -> ['row_frac0'] {}
19 Add ['row_frac0', 'three_f16'] -> ['row_frac'] {}
20 Cast ['row_frac'] -> ['row_u8'] {'to': 3}
21 CenterCropPad ['row_u8', 'idx_shape3'] -> ['row_u8_cloak'] {'axes': [0]}
22 CastLike ['row_u8_cloak', 'even_idx'] -> ['row_i32'] {}
23 Gather ['neg_row_cloak', 'row_i32'] -> ['row_scale_neg4'] {'axis': 2}
24 Squeeze ['row_scale_neg4'] -> ['row_scale'] {}
25 Div ['left_neighbor', 'row_scale'] -> ['left_q_f'] {}
26 CastLike ['left_q_f', 'one_u8'] -> ['left_q_i8'] {}
27 Greater ['left_q_i8', 'one_u8'] -> ['same_left'] {}
28 CastLike ['same_left', 'one_u8'] -> ['same_left_u8'] {}
29 Sub ['even_col', 'same_left_u8'] -> ['left_col'] {}
30 Sub ['one_u8', 'same_left_u8'] -> ['one_minus_u8'] {}
31 Add ['left_col', 'one_minus_u8'] -> ['other_col_u8'] {}
32 CenterCropPad ['other_col_u8', 'idx_shape3'] -> ['other_col_cloak'] {'axes': [0]}
33 CastLike ['other_col_cloak', 'row_i32'] -> ['other_col_i32'] {}
34 Gather ['desc', 'other_col_i32'] -> ['other_desc'] {'axis': 0}
35 Div ['sel_even', 'row_scale'] -> ['qleft_f'] {}
36 Div ['other_desc', 'row_scale'] -> ['qright_f'] {}
37 CenterCropPad ['qleft_f', 'idx_shape3'] -> ['qleft_f_cloak'] {}
38 CastLike ['qleft_f_cloak', 'one_u8'] -> ['qleft_cloak'] {}
39 CastLike ['qright_f', 'one_u8'] -> ['qright'] {}
40 Flatten ['qleft_cloak'] -> ['qleft31'] {}
41 Flatten ['qright'] -> ['qright31'] {}
42 Concat ['qleft31', 'qright31', 'qleft31'] -> ['qseq'] {'axis': 1}
43 CenterCropPad ['qseq', 'idx_shape3'] -> ['qseq_cloak'] {'axes': [0]}
44 CastLike ['qseq_cloak', 'row_i32'] -> ['qseq_i32'] {}
45 TfIdfVectorizer ['qseq_i32'] -> ['hcode_f'] {'max_gram_length': 3, 'max_skip_count': 0, 'min_gram_length': 1, 'mode': 'TF', 'ngram_counts': [0, 64, 7792], 'ngram_indexes': [0, 0, 0, 0, 0, 0, 0, 0, 0, 0, 0, 0, 0, 0, 0, 0, 0, 0, 0, 0, 0, 0, 0, 0, 0, 0, 0, 0, 0, 0, 0, 0, 0, 0, 0, 0, 0, 0, 0, 0, 0, 0, 0, 0, 0, 0, 0, 0, 0, 0, 0, 0, 0, 0, 0, 0, 0, 0, 0, 0, 0, 0, 0, 0, 0, 0, 0, 0, 0, 0, 0, 0, 0, 0, 0, 0, 0, 0, 0, 0, 0, 0, 0, 0, 0, 0, 0, 0, 0, 0, 0, 0, 0, 0, 0, 0, 0, 0, 0, 0, 0, 0, 0, 0, 0, 0, 0, 0, 0, 0, 0, 0, 0, 0, 0, 0, 0, 0, 0, 0, 0, 0, 0, 0, 0, 0, 0, 0, 0, 0, 0, 0, 0, 0, 0, 0, 0, 0, 0, 0, 0, 0, 0, 0, 0, 0, 0, 0, 0, 0, 0, 0, 0, 0, 0, 0, 0, 0, 0, 0, 0, 0, 0, 0, 0, 0, 0, 0, 0, 0, 0, 0, 0, 0, 0, 0, 0, 0, 0, 0, 0, 0, 0, 0, 0, 0, 0, 0, 0, 0, 0, 0, 0, 0, 0, 0, 0, 0, 0, 0, 0, 0, 0, 0, 0, 0, 0, 0, 0, 0, 0, 0, 0, 0, 0, 0, 0, 0, 0, 0, 0, 0, 0, 0, 0, 0, 0, 0, 0, 0, 0, 0, 0, 0, 0, 0, 0, 0, 0, 0, 0, 0, 0, 0, 0, 0, 0, 0, 0, 0, 0, 0, 0, 0, 0, 0, 0, 0, 0, 0, 0, 0, 0, 0, 0, 0, 0, 0, 0, 0, 0, 0, 0, 0, 0, 0, 0, 0, 0, 0, 0, 0, 0, 0, 0, 0, 0, 0, 0, 0, 0, 0, 0, 0, 0, 0, 0, 0, 0, 0, 0, 0, 0, 0, 0, 0, 0, 0, 0, 0, 0, 0, 0, 0, 0, 0, 0, 0, 0, 0, 0, 0, 0, 0, 0, 0, 0, 0, 0, 0, 0, 0, 0, 0, 0, 0, 0, 0, 0, 0, 0, 0, 0, 0, 0, 0, 0, 0, 0, 0, 0, 0, 0, 0, 0, 0, 0, 0, 0, 0, 0, 0, 0, 0, 0, 0, 0, 0, 0, 0, 0, 0, 0, 0, 0, 0, 0, 0, 0, 0, 0, 0, 0, 0, 0, 0, 0, 0, 0, 0, 0, 0, 0, 0, 0, 0, 0, 0, 0, 0, 0, 0, 0, 0, 0, 0, 0, 0, 0, 0, 0, 0, 0, 0, 0, 0, 0, 0, 0, 0, 0, 0, 0, 0, 0, 0, 0, 0, 0, 0, 0, 0, 0, 0, 0, 0, 0, 0, 0, 0, 0, 0, 0, 0, 0, 0, 0, 0, 0, 0, 0, 0, 0, 0, 0, 0, 0, 0, 0, 0, 0, 0, 0, 0, 0, 0, 0, 0, 0, 0, 0, 0, 0, 0, 0, 0, 0, 0, 0, 0, 0, 0, 0, 0, 0, 0, 0, 0, 0, 0, 0, 0, 0, 0, 0, 0, 0, 0, 0, 0, 0, 0, 0, 0, 0, 0, 0, 0, 0, 0, 0, 0, 0, 0, 0, 0, 0, 0, 0, 0, 0, 0, 0, 0, 0, 0, 0, 0, 0, 0, 0, 0, 0, 0, 0, 0, 0, 0, 0, 0, 0, 0, 0, 0, 0, 0, 0, 0, 0, 0, 0, 0, 0, 0, 0, 0, 0, 0, 0, 0, 0, 0, 0, 0, 0, 0, 0, 0, 0, 0, 0, 0, 0, 0, 0, 0, 0, 0, 0, 0, 0, 0, 0, 0, 0, 0, 0, 0, 0, 0, 0, 0, 0, 0, 0, 0, 0, 0, 0, 0, 0, 0, 0, 0, 0, 0, 0, 0, 0, 0, 0, 0, 0, 0, 0, 0, 0, 0, 0, 0, 0, 0, 0, 0, 0, 0, 0, 0, 0, 0, 0, 0, 0, 0, 0, 0, 0, 0, 0, 0, 0, 0, 0, 0, 0, 0, 0, 0, 0, 0, 0, 0, 0, 0, 0, 0, 0, 0, 0, 0, 0, 0, 0, 0, 0, 0, 0, 0, 0, 0, 0, 0, 0, 0, 0, 0, 0, 0, 0, 0, 0, 0, 0, 0, 0, 0, 0, 0, 0, 0, 0, 0, 0, 0, 0, 0, 0, 0, 0, 0, 0, 0, 0, 0, 0, 0, 0, 0, 0, 0, 0, 0, 0, 0, 0, 0, 0, 0, 0, 0, 0, 0, 0, 0, 0, 0, 0, 0, 0, 0, 0, 0, 0, 0, 0, 0, 0, 0, 0, 0, 0, 0, 0, 0, 0, 0, 0, 0, 0, 0, 0, 0, 0, 0, 0, 0, 0, 0, 0, 0, 0, 0, 0, 0, 0, 0, 0, 0, 0, 0, 0, 0, 0, 0, 0, 0, 0, 0, 0, 0, 0, 0, 0, 0, 0, 0, 0, 0, 0, 0, 0, 0, 0, 0, 0, 0, 0, 0, 0, 0, 0, 0, 0, 0, 0, 0, 0, 0, 0, 0, 0, 0, 0, 0, 0, 0, 0, 0, 0, 0, 0, 0, 0, 0, 0, 0, 0, 0, 0, 0, 0, 0, 0, 0, 0, 0, 0, 0, 0, 0, 0, 0, 0, 0, 0, 0, 0, 0, 0, 0, 0, 0, 0, 0, 0, 0, 0, 0, 0, 0, 0, 0, 0, 0, 0, 0, 0, 0, 0, 0, 0, 0, 0, 0, 0, 0, 0, 0, 0, 0, 0, 0, 0, 0, 0, 0, 0, 0, 0, 0, 0, 0, 0, 0, 0, 0, 0, 0, 0, 0, 0, 0, 0, 0, 0, 0, 0, 0, 0, 0, 0, 0, 0, 0, 0, 0, 0, 0, 0, 0, 0, 0, 0, 0, 0, 0, 0, 0, 0, 0, 0, 0, 0, 0, 0, 0, 0, 0, 0, 0, 0, 0, 0, 0, 0, 0, 0, 0, 0, 0, 0, 0, 0, 0, 0, 0, 0, 0, 0, 0, 0, 0, 0, 0, 0, 0, 0, 0, 0, 0, 0, 0, 0, 0, 0, 0, 0, 0, 0, 0, 0, 0, 0, 0, 0, 0, 0, 0, 0, 0, 0, 0, 0, 0, 0, 0, 0, 0, 0, 0, 0, 0, 0, 0, 0, 0, 0, 0, 0, 0, 0, 0, 0, 0, 0, 0, 0, 0, 0, 0, 0, 0, 0, 0, 0, 0, 0, 0, 0, 0, 0, 0, 0, 0, 0, 0, 0, 0, 0, 0, 0, 0, 0, 0, 0, 0, 0, 0, 0, 0, 0, 0, 0, 0, 0, 0, 0, 0, 0, 0, 0, 0, 0, 0, 0, 0, 0, 0, 0, 0, 0, 0, 0, 0, 0, 0, 0, 0, 0, 0, 0, 0, 0, 0, 0, 0, 0, 0, 0, 0, 0, 0, 0, 0, 0, 0, 0, 0, 0, 0, 0, 0, 0, 0, 0, 0, 0, 0, 0, 0, 0, 0, 0, 0, 0, 0, 0, 0, 0, 0, 0, 0, 0, 0, 0, 0, 0, 0, 0, 0, 0, 0, 0, 0, 0, 0, 0, 0, 0, 0, 0, 0, 0, 0, 0, 0, 0, 0, 0, 0, 0, 0, 0, 0, 0, 0, 0, 0, 0, 0, 0, 0, 0, 0, 0, 0, 0, 0, 0, 0, 0, 0, 0, 0, 0, 0, 0, 0, 0, 0, 0, 0, 0, 0, 0, 0, 0, 0, 0, 0, 0, 0, 0, 0, 0, 0, 0, 0, 0, 0, 0, 0, 0, 0, 0, 0, 0, 0, 0, 0, 0, 0, 0, 0, 0, 0, 0, 0, 0, 0, 0, 0, 0, 0, 0, 0, 0, 0, 0, 0, 0, 0, 0, 0, 0, 0, 0, 0, 0, 0, 0, 0, 0, 0, 0, 0, 0, 0, 0, 0, 0, 0, 0, 0, 0, 0, 0, 0, 0, 0, 0, 0, 0, 0, 0, 0, 0, 0, 0, 0, 0, 0, 0, 0, 0, 0, 0, 0, 0, 0, 0, 0, 0, 0, 0, 0, 0, 0, 0, 0, 0, 0, 0, 0, 0, 0, 0, 0, 0, 0, 0, 0, 0, 0, 0, 0, 0, 0, 0, 0, 0, 0, 0, 0, 0, 0, 0, 0, 0, 0, 0, 0, 0, 0, 0, 0, 0, 0, 0, 0, 0, 0, 0, 0, 0, 0, 0, 0, 0, 0, 0, 0, 0, 0, 0, 0, 0, 0, 0, 0, 0, 0, 0, 0, 0, 0, 0, 0, 0, 0, 0, 0, 0, 0, 0, 0, 0, 0, 0, 0, 0, 0, 0, 0, 0, 0, 0, 0, 0, 0, 0, 0, 0, 0, 0, 0, 0, 0, 0, 0, 0, 0, 0, 0, 0, 0, 0, 0, 0, 0, 0, 0, 0, 0, 0, 0, 0, 0, 0, 0, 0, 0, 0, 0, 0, 0, 0, 0, 0, 0, 0, 0, 0, 0, 0, 0, 0, 0, 0, 0, 0, 0, 0, 0, 0, 0, 0, 0, 0, 0, 0, 0, 0, 0, 0, 0, 0, 0, 0, 0, 0, 0, 0, 0, 0, 0, 0, 0, 0, 0, 0, 0, 0, 0, 0, 0, 0, 0, 0, 0, 0, 0, 0, 0, 0, 0, 0, 0, 0, 0, 0, 0, 0, 0, 0, 0, 0, 0, 0, 0, 0, 0, 0, 0, 0, 0, 0, 0, 0, 0, 0, 0, 0, 0, 0, 0, 0, 0, 0, 0, 0, 0, 0, 0, 0, 0, 0, 0, 0, 0, 0, 0, 0, 0, 0, 0, 0, 0, 0, 0, 0, 0, 0, 0, 0, 0, 0, 0, 0, 0, 0, 0, 0, 0, 0, 0, 0, 0, 0, 0, 0, 0, 0, 0, 0, 0, 0, 0, 0, 0, 0, 0, 0, 0, 0, 0, 0, 0, 0, 0, 0, 0, 0, 0, 0, 0, 0, 0, 0, 0, 0, 0, 0, 0, 0, 0, 0, 0, 0, 0, 0, 0, 0, 0, 0, 0, 0, 0, 0, 0, 0, 0, 0, 0, 0, 0, 0, 0, 0, 0, 0, 0, 0, 0, 0, 0, 0, 0, 0, 0, 0, 0, 0, 0, 0, 0, 0, 0, 0, 0, 0, 0, 0, 0, 0, 0, 0, 0, 0, 0, 0, 0, 0, 0, 0, 0, 0, 0, 0, 0, 0, 0, 0, 0, 0, 0, 0, 0, 0, 0, 0, 0, 0, 0, 0, 0, 0, 0, 0, 0, 0, 0, 0, 0, 0, 0, 0, 0, 0, 0, 0, 0, 0, 0, 0, 0, 0, 0, 0, 0, 0, 0, 0, 0, 0, 0, 0, 0, 0, 0, 0, 0, 0, 0, 0, 0, 0, 0, 0, 0, 0, 0, 0, 0, 0, 0, 0, 0, 0, 0, 0, 0, 0, 0, 0, 0, 0, 0, 0, 0, 0, 0, 0, 0, 0, 0, 0, 0, 0, 0, 0, 0, 0, 0, 0, 0, 0, 0, 0, 0, 0, 0, 0, 0, 0, 0, 0, 0, 0, 0, 0, 0, 0, 0, 0, 0, 0, 0, 0, 0, 0, 0, 0, 0, 0, 0, 0, 0, 0, 0, 0, 0, 0, 0, 0, 0, 0, 0, 0, 0, 0, 0, 0, 0, 0, 0, 0, 0, 0, 0, 0, 0, 0, 0, 0, 0, 0, 0, 0, 0, 0, 0, 0, 0, 0, 0, 0, 0, 0, 0, 0, 0, 0, 0, 0, 0, 0, 0, 0, 0, 0, 0, 0, 0, 0, 0, 0, 0, 0, 0, 0, 0, 0, 0, 0, 0, 0, 0, 0, 0, 0, 0, 0, 0, 0, 0, 0, 0, 0, 0, 0, 0, 0, 0, 0, 0, 0, 0, 0, 0, 0, 0, 0, 0, 0, 0, 0, 0, 0, 0, 0, 0, 0, 0, 0, 0, 0, 0, 0, 0, 0, 0, 0, 0, 0, 0, 0, 0, 0, 0, 0, 0, 0, 0, 0, 0, 0, 0, 0, 0, 0, 0, 0, 0, 0, 0, 0, 0, 0, 0, 0, 0, 0, 0, 0, 0, 0, 0, 0, 0, 0, 0, 0, 0, 0, 0, 0, 0, 0, 0, 0, 0, 0, 0, 0, 0, 0, 0, 0, 0, 0, 0, 0, 0, 0, 0, 0, 0, 0, 0, 0, 0, 0, 0, 0, 0, 0, 0, 0, 0, 0, 0, 0, 0, 0, 0, 0, 0, 0, 0, 0, 0, 0, 0, 0, 0, 0, 0, 0, 0, 0, 0, 0, 0, 0, 0, 0, 0, 0, 0, 0, 0, 0, 0, 0, 0, 0, 0, 0, 0, 0, 0, 0, 0, 0, 0, 0, 0, 0, 0, 0, 0, 0, 0, 0, 0, 0, 0, 0, 0, 0, 0, 0, 0, 0, 0, 0, 0, 0, 0, 0, 0, 0, 0, 0, 0, 0, 0, 0, 0, 0, 0, 0, 0, 0, 0, 0, 0, 0, 0, 0, 0, 0, 0, 0, 0, 0, 0, 0, 0, 0, 0, 0, 0, 0, 0, 0, 0, 0, 0, 0, 0, 0, 0, 0, 0, 0, 0, 0, 0, 0, 0, 0, 0, 0, 0, 0, 0, 0, 0, 0, 0, 0, 0, 0, 0, 0, 0, 0, 0, 0, 0, 0, 0, 0, 0, 0, 0, 0, 0, 0, 0, 0, 0, 0, 0, 0, 0, 0, 0, 0, 0, 0, 0, 0, 0, 0, 0, 0, 0, 0, 0, 0, 0, 0, 0, 0, 0, 0, 0, 0, 0, 0, 0, 0, 0, 0, 0, 0, 0, 0, 0, 0, 0, 0, 0, 0, 0, 0, 0, 0, 0, 0, 0, 0, 0, 0, 0, 0, 0, 0, 0, 0, 0, 0, 0, 0, 0, 0, 0, 0, 0, 0, 0, 0, 0, 0, 0, 0, 0, 0, 0, 0, 0, 0, 0, 0, 0, 0, 0, 0, 0, 0, 0, 0, 0, 0, 0, 0, 0, 0, 0, 0, 0, 0, 0, 0, 0, 0, 0, 0, 0, 0, 0, 0, 0, 0, 0, 0, 0, 0, 0, 0, 0, 0, 0, 0, 0, 0, 0, 0, 0, 0, 0, 0, 0, 0, 0, 0, 0, 0, 0, 0, 0, 0, 0, 0, 0, 0, 0, 0, 0, 0, 0, 0, 0, 0, 0, 0, 0, 0, 0, 0, 0, 0, 0, 0, 0, 0, 0, 0, 0, 0, 0, 0, 0, 0, 0, 0, 0, 0, 0, 0, 0, 0, 0, 0, 0, 0, 0, 0, 0, 0, 0, 0, 0, 0, 0, 0, 0, 0, 0, 0, 0, 0, 0, 0, 0, 0, 0, 0, 0, 0, 0, 0, 0, 0, 0, 0, 0, 0, 0, 0, 0, 0, 0, 0, 0, 0, 0, 0, 0, 0, 0, 0, 0, 0, 0, 0, 0, 0, 0, 0, 0, 0, 0, 0, 0, 0, 0, 0, 0, 0, 0, 0, 0, 0, 0, 0, 0, 0, 0, 0, 0, 0, 0, 0, 0, 0, 0, 0, 0, 0, 0, 0, 0, 0, 0, 0, 0, 0, 0, 0, 0, 0, 0, 0, 0, 0, 0, 0, 0, 0, 0, 0, 0, 0, 0, 0, 0, 0, 0, 0, 0, 0, 0, 0, 0, 0, 0, 0, 0, 0, 0, 0, 0, 0, 0, 0, 0, 0, 0, 0, 0, 0, 0, 0, 0, 0, 0, 0, 0, 0, 0, 0, 0, 0, 0, 0, 0, 0, 0, 0, 0, 0, 0, 0, 0, 0, 0, 0, 0, 0, 0, 0, 0, 0, 0, 0, 0, 0, 0, 0, 0, 0, 0, 0, 0, 0, 0, 0, 0, 0, 0, 0, 0, 0, 0, 0, 0, 0, 0, 0, 0, 0, 0, 0, 0, 0, 0, 0, 0, 0, 0, 0, 0, 0, 0, 0, 0, 0, 0, 0, 0, 0, 0, 0, 0, 0, 0, 0, 0, 0, 0, 0, 0, 0, 0, 0, 0, 0, 0, 0, 0, 0, 0, 0, 0, 0, 0, 0, 0, 0, 0, 0, 0, 0, 0, 0, 0, 0, 0, 0, 0, 0, 0, 0, 0, 0, 0, 0, 0, 0, 0, 0, 0, 0, 0, 0, 0, 0, 0, 0, 0, 0, 0, 0, 0, 0, 0, 0, 0, 0, 0, 0, 0, 0, 0, 0, 0, 0, 0, 0, 0, 0, 0, 0, 0, 0, 0, 0, 0, 0, 0, 0, 0, 0, 0, 0, 0, 0, 0, 0, 0, 0, 0, 0, 0, 0, 0, 0, 0, 0, 0, 0, 0, 0, 0, 0, 0, 0, 0, 0, 0, 0, 0, 0, 0, 0, 0, 0, 0, 0, 0, 0, 0, 0, 0, 0, 0, 0, 0, 0, 0, 0, 0, 0, 0, 0, 0, 0, 0, 0, 0, 0, 0, 0, 0, 0, 0, 0, 0, 0, 0, 0, 0, 0, 0, 0, 0, 0, 0, 0, 0, 0, 0, 0, 0, 0, 0, 0, 0, 0, 0, 0, 0, 0, 0, 0, 0, 0, 0, 0, 0, 0, 0, 0, 0, 0, 0, 0, 0, 0, 0, 0, 0, 0, 0, 0, 0, 0, 0, 0, 0, 0, 0, 0, 0, 0, 0, 0, 0, 0, 0, 0, 0, 0, 0, 0, 0, 0, 0, 0, 0, 0, 0, 0, 0, 0, 0, 0, 0, 0, 0, 0, 0, 0, 0, 0, 0, 0, 0, 0, 0, 0, 0, 0, 0, 0, 0, 0, 0, 0, 0, 0, 0, 0, 0, 0, 0, 0, 0, 0, 0, 0, 0, 0, 0, 0, 0, 0, 0, 0, 0, 0, 0, 0, 0, 0, 0, 0, 0, 0, 0, 0, 0, 0, 0, 0, 0, 0, 0, 0, 0, 0, 0, 0, 0, 0, 0, 0, 0, 0, 0, 0, 0, 0, 0, 0, 0, 0, 0, 0, 0, 0, 0, 0, 0, 0, 0, 0, 0, 0, 0, 0, 0, 0, 0, 0, 0, 0, 0, 0, 0, 0, 0, 0, 0, 0, 0, 0, 0, 0, 0, 0, 0, 0, 0, 0, 0, 0, 0, 0, 0, 0, 0, 0, 0, 0, 0, 0, 0, 0, 0, 0, 0, 0, 0, 0, 0, 0, 0, 0, 0, 0, 0, 0, 0, 0, 0, 0, 0, 0, 0, 0, 0, 0, 0, 0, 0, 0, 0, 0, 0, 0, 0, 0, 0, 0, 0, 0, 0, 0, 0, 0, 0, 0, 0, 0, 0, 0, 0, 0, 0, 0, 0, 0, 0, 0, 0, 0, 0, 0, 0, 0, 0, 0, 0, 0, 0, 0, 0, 0, 0, 0, 0, 0, 0, 0, 0, 0, 0, 0, 0, 0, 0, 0, 0, 0, 0, 0, 0, 0, 0, 0, 0, 0, 0, 0, 0, 0, 0, 0, 0, 0, 0, 0, 0, 0, 0, 0, 0, 0, 0, 0, 0, 0, 0, 0, 0, 0, 0, 0, 0, 0, 0, 0, 0, 0, 0, 0, 0, 0, 0, 0, 0, 0, 0, 0, 0, 0, 0, 0, 0, 0, 0, 0, 0, 0, 0, 0, 0, 0, 0, 0, 0, 0, 0, 0, 0, 0, 0, 0, 0, 0, 0, 0, 0, 0, 0, 0, 0, 0, 0, 0, 0, 0, 0, 0, 0, 0, 0, 0, 0, 0, 0, 0, 0, 0, 0, 0, 0, 0, 0, 0, 0, 0, 0, 0, 0, 0, 0, 0, 0, 0, 0, 0, 0, 0, 0, 0, 0, 0, 0, 0, 0, 0, 0, 0, 0, 0, 0, 0, 0, 0, 0, 0, 0, 0, 0, 0, 0, 0, 0, 0, 0, 0, 0, 0, 0, 0, 0, 0, 0, 0, 0, 0, 0, 0, 0, 0, 0, 0, 0, 0, 0, 0, 0, 0, 0, 0, 0, 0, 0, 0, 0, 0, 0, 0, 0, 0, 0, 0, 0, 0, 0, 0, 0, 0, 0, 0, 0, 0, 0, 0, 0, 0, 0, 0, 0, 0, 0, 0, 0, 0, 0, 0, 0, 0, 0, 0, 0, 0, 0, 0, 0, 0, 0, 0, 0, 0, 0, 0, 0, 0, 0, 0, 0, 0, 0, 0, 0, 0, 0, 0, 0, 0, 0, 0, 0, 0, 0, 0, 0, 0, 0, 0, 0, 0, 0, 0, 0, 0, 0, 0, 0, 0, 0, 0, 0, 0, 0, 0, 0, 0, 0, 0, 0, 0, 0, 0, 0, 0, 0, 0, 0, 0, 0, 0, 0, 0, 0, 0, 0, 0, 0, 0, 0, 0, 0, 0, 0, 0, 0, 0, 0, 0, 0, 0, 0, 0, 0, 0, 0, 0, 0, 0, 0, 0, 0, 0, 0, 0, 0, 0, 0, 0, 0, 0, 0, 0, 0, 0, 0, 0, 0, 0, 0, 0, 0, 0, 0, 0, 0, 0, 0, 0, 0, 0, 0, 0, 0, 0, 0, 0, 0, 0, 0, 0, 0, 0, 0, 0, 0, 0, 0, 0, 0, 0, 0, 0, 0, 0, 0, 0, 0, 0, 0, 0, 0, 0, 0, 0, 0, 0, 0, 0, 0, 0, 0, 0, 0, 0, 0, 0, 0, 0, 0, 0, 0, 0, 0, 0, 0, 0, 0, 0, 0, 0, 0, 0, 0, 0, 0, 0, 0, 0, 0, 0, 0, 0, 0, 0, 0, 0, 0, 0, 0, 0, 0, 0, 0, 0, 0, 0, 0, 0, 0, 0, 0, 0, 0, 0, 0, 0, 0, 0, 0, 0, 0, 0, 0, 0, 0, 0, 0, 0, 0, 0, 0, 0, 0, 0, 0, 0, 0, 0, 0, 0, 0, 0, 0, 0, 0, 0, 0, 0, 0, 0, 0, 0, 0, 0, 0, 0, 0, 0, 0, 0, 0, 0, 0, 0, 0, 0, 0, 0, 0, 0, 0, 0, 0, 0, 0, 0, 0, 0, 0, 0, 0, 0, 0, 0, 0, 0, 0, 0, 0, 0, 0, 0, 0, 0, 0, 0, 0, 0, 0, 0, 0, 0, 0, 0, 0, 0, 0, 0, 0, 0, 0, 0, 0, 0, 0, 0, 0, 0, 0, 0, 0, 0, 0, 0, 0, 0, 0, 0, 0, 0, 0, 0, 0, 0, 0, 0, 0, 0, 0, 0, 0, 0, 0, 0, 0, 0, 0, 0, 0, 0, 0, 0, 0, 0, 0, 0, 0, 0, 0, 0, 0, 0, 0, 0, 0, 0, 0, 0, 0, 0, 0, 0, 0, 0, 0, 0, 0, 0, 0, 0, 0, 0, 0, 0, 0, 0, 0, 0, 0, 0, 0, 0, 0, 0, 0, 0, 0, 0, 0, 0, 0, 0, 0, 0, 0, 0, 0, 0, 0, 0, 0, 0, 0, 0, 0, 0, 0, 0, 0, 0, 0, 0, 0, 0, 0, 0, 0, 0, 0, 0, 0, 0, 0, 0, 0, 0, 0, 0, 0, 0, 0, 0, 0, 0, 0, 0, 0, 0, 0, 0, 0, 0, 0, 0, 0, 0, 0, 0, 0, 0, 0, 0, 0, 0, 0, 0, 0, 0, 0, 0, 0, 0, 0, 0, 0, 0, 0, 0, 0, 0, 0, 0, 0, 0, 0, 0, 0, 0, 0, 0, 0, 0, 0, 0, 0, 0, 0, 0, 0, 0, 0, 0, 0, 0, 0, 0, 0, 0, 0, 0, 0, 0, 0, 0, 0, 0, 0, 0, 0, 0, 0, 0, 0, 0, 0, 0, 0, 0, 0, 0, 0, 0, 0, 0, 0, 0, 0, 0, 0, 0, 0, 0, 0, 0, 0, 0, 0, 0, 0, 0, 0, 0, 0, 0, 0, 0, 0, 0, 0, 0, 0, 0, 0, 0, 0, 0, 0, 0, 0, 0, 0, 0, 0, 0, 0, 0, 0, 0, 0, 0, 0, 0, 0, 0, 0, 0, 0, 0, 0, 0, 0, 0, 0, 0, 0, 0, 0, 0, 0, 0, 0, 0, 0, 0, 0, 0, 0, 0, 0, 0, 0, 0, 0, 0, 0, 0, 0, 0, 0, 0, 0, 0, 0, 0, 0, 0, 0, 0, 0, 0, 0, 0, 0, 0, 0, 0, 0, 0, 0, 0, 0, 0, 0, 0, 0, 0, 0, 0, 0, 0, 0, 0, 0, 0, 0, 0, 0, 0, 0, 0, 0, 0, 0, 0, 0, 0, 0, 0, 0, 0, 0, 0, 0, 0, 0, 0, 0, 0, 0, 0, 0, 0, 0, 0, 0, 0, 0, 0, 0, 0, 0, 0, 0, 0, 0, 0, 0, 0, 0, 0, 0, 0, 0, 0, 0, 0, 0, 0, 0, 0, 0, 0, 0, 0, 0, 0, 0, 0, 0, 0, 0, 0, 0, 0, 0, 0, 0, 0, 0, 0, 0, 0, 0, 0, 0, 0, 0, 0, 0, 0, 0, 0, 0, 0, 0, 0, 0, 0, 0, 0, 0, 0, 0, 0, 0, 0, 0, 0, 0, 0, 0, 0, 0, 0, 0, 0, 0, 0, 0, 0, 0, 0, 0, 0, 0, 0, 0, 0, 0, 0, 0, 0, 0, 0, 0, 0, 0, 0, 0, 0, 0, 0, 0, 0, 0, 0, 0, 0, 0, 0, 0, 0, 0, 0, 0, 0, 0, 0, 0, 0, 0, 0, 0, 0, 0, 0, 0, 0, 0, 0, 0, 0, 0, 0, 0, 0, 0, 0, 0, 0, 0, 0, 0, 0, 0, 0, 0, 0, 0, 0, 0, 0, 0, 0, 0, 0, 0, 0, 0, 0, 0, 0, 0, 0, 0, 0, 0, 0, 0, 0, 0, 0, 0, 0, 0, 0, 0, 0, 0, 0, 0, 0, 0, 0, 0, 0, 0, 0, 0, 0, 0, 0, 0, 0, 0, 0, 0, 0, 0, 0, 0, 0, 0, 0, 0, 0, 0, 0, 0, 0, 0, 0, 0, 0, 0, 0, 0, 0, 0, 0, 0, 0, 0, 0, 0, 0, 0, 0, 0, 0, 0, 0, 0, 0, 0, 0, 0, 0, 0, 0, 0, 0, 0, 0, 0, 0, 0, 0, 0, 0, 0, 0, 0, 0, 0, 0, 0, 0, 0, 0, 0, 0, 0, 0, 0, 0, 0, 0, 0, 0, 0, 0, 0, 0, 0, 0, 0, 0, 0, 0, 0, 0, 0, 0, 0, 0, 0, 0, 0, 0, 0, 0, 0, 0, 0, 0, 0, 0, 0, 0, 0, 0, 0, 0, 0, 0, 0, 0, 0, 0, 0, 0, 0, 0, 0, 0, 0, 0, 0, 0, 0, 0, 0, 0, 0, 0, 0, 0, 0, 0, 0, 0, 0, 0, 0, 0, 0, 0, 0, 0, 0, 0, 0, 0, 0, 0, 0, 0, 0, 0, 0, 0, 0, 0, 0, 0, 0, 0, 0, 0, 0, 0, 0, 0, 0, 0, 0, 0, 0, 0, 0, 0, 0, 0, 0, 0, 0, 0, 0, 0, 0, 0, 0, 0, 0, 0, 0, 0, 0, 0, 0, 0, 0, 0, 0, 0, 0, 0, 0, 0, 0, 0, 0, 0, 0, 0, 0, 0, 0, 0, 0, 0, 0, 0, 0, 0, 0, 0, 0, 0, 0, 0, 0, 0, 0, 0, 0, 0, 0, 0, 0, 0, 0, 0, 0, 0, 0, 0, 0, 0, 0, 0, 0, 0, 0, 0, 0, 0, 0, 0, 0, 0, 0, 0, 0, 0, 0, 0, 0, 0, 0, 0, 0, 0, 0, 0, 0, 0, 0, 0, 0, 0, 0, 0, 0, 0, 0, 0, 0, 0, 0, 0, 0, 0, 0, 0, 0, 0, 0, 0, 0, 0, 0, 0, 0, 0, 0, 0, 0, 0, 0, 0, 0, 0, 0, 0, 0, 0, 0, 0, 0, 0, 0, 0, 0, 0, 0, 0, 0, 0, 0, 0, 0, 0, 0, 0, 0, 0, 0, 0, 0, 0, 0, 0, 0, 0, 0, 0, 0, 0, 0, 0, 0, 0, 0, 0, 0, 0, 0, 0, 0, 0, 0, 0, 0, 0, 0, 0, 0, 0, 0, 0, 0, 0, 0, 0, 0, 0, 0, 0, 0, 0, 0, 0, 0, 0, 0, 0, 0, 0, 0, 0, 0, 0, 0, 0, 0, 0, 0, 0, 0, 0, 0, 0, 0, 0, 0, 0, 0, 0, 0, 0, 0, 0, 0, 0, 0, 0, 0, 0, 0, 0, 0, 0, 0, 0, 0, 0, 0, 0, 0, 0, 0, 0, 0, 0, 0, 0, 0, 0, 0, 0, 0, 0, 0, 0, 0, 0, 0, 0, 0, 0, 0, 0, 0, 0, 0, 0, 0, 0, 0, 0, 0, 0, 0, 0, 0, 0, 0, 0, 0, 0, 0, 0, 0, 0, 0, 0, 0, 0, 0, 0, 0, 0, 0, 0, 0, 0, 0, 0, 0, 0, 0, 0, 0, 0, 0, 0, 0, 0, 0, 0, 0, 0, 0, 0, 0, 0, 0, 0, 0, 0, 0, 0, 0, 0, 0, 0, 0, 0, 0, 0, 0, 0, 0, 0, 0, 0, 0, 0, 0, 0, 0, 0, 0, 0, 0, 0, 0, 0, 0, 0, 0, 0, 0, 0, 0, 0, 0, 0, 0, 0, 0, 0, 0, 0, 0, 0, 0, 0, 0, 0, 0, 0, 0, 0, 0, 0, 0, 0, 0, 0, 0, 0, 0, 0, 0, 0, 0, 0, 0, 0, 0, 0, 0, 0, 0, 0, 0, 0, 0, 0, 0, 0, 0, 0, 0, 0, 0, 0, 0, 0, 0, 0, 0, 0, 0, 0, 0, 0, 0, 0, 0, 0, 0, 0, 0, 0, 0, 0, 0, 0, 0, 0, 0, 0, 0, 0, 0, 0, 0, 0, 0, 0, 0, 0, 0, 0, 0, 0, 0, 0, 0, 0, 0, 0, 0, 0, 0, 0, 0, 0, 0, 0, 0, 0, 0, 0, 0, 0, 0, 0, 0, 0, 0, 0, 0, 0, 0, 0, 0, 0, 0, 0, 0, 0, 0, 0, 0, 0, 0, 0, 0, 0, 0, 0, 0, 0, 0, 0, 0, 0, 0, 0, 0, 0, 0, 0, 0, 0, 0, 0, 0, 0, 0, 0, 0, 0, 0, 0, 0, 0, 0, 0, 0, 0, 0, 0, 0, 0, 0, 0, 0, 0, 0, 0, 0, 0, 0, 0, 0, 0, 0, 0, 0, 0, 0, 0, 0, 0, 0, 0, 0, 0, 0, 0, 0, 0, 0, 0, 0, 0, 0, 0, 0, 0, 0, 0, 0, 0, 0, 0, 0, 0, 0, 0, 0, 0, 0, 0, 0, 0, 0, 0, 0, 0, 0, 0, 0, 0, 0, 0, 0, 0, 0, 0, 0, 0, 0, 0, 0, 0, 0, 0, 0, 0, 0, 0, 0, 0, 0, 0, 0, 0, 0, 0, 0, 0, 0, 0, 0, 0, 0, 0, 0, 0, 0, 0, 0, 0, 0, 0, 0, 0, 0, 0, 0, 0, 0, 0, 0, 0, 0, 0, 0, 0, 0, 0, 0, 0, 0, 0, 0, 0, 0, 0, 0, 0, 0, 0, 0, 0, 0, 0, 0, 0, 0, 0, 0, 0, 0, 0, 0, 0, 0, 0, 0, 0, 0, 0, 0, 0, 0, 0, 0, 0, 0, 0, 0, 0, 0, 0, 0, 0, 0, 0, 0, 0, 0, 0, 0, 0, 0, 0, 0, 0, 0, 0, 0, 0, 0, 0, 0, 0, 0, 0, 0, 0, 0, 0, 0, 0, 0, 0, 0, 0, 0, 0, 0, 0, 0, 0, 0, 0, 0, 0, 0, 0, 0, 0, 0, 0, 0, 0, 0, 0, 0, 0, 0, 0, 0, 0, 0, 0, 0, 0, 0, 0, 0, 0, 0, 0, 0, 0, 0, 0, 0, 0, 0, 0, 0, 0, 0, 0, 0, 0, 0, 0, 0, 0, 0, 0, 0, 0, 0, 0, 0, 0, 0, 0, 0, 0, 0, 0, 0, 0, 0, 0, 0, 0, 0, 0, 0, 0, 0, 0, 0, 0, 0, 0, 0, 0, 0, 0, 0, 0, 0, 0, 0, 0, 0, 0, 0, 0, 0, 0, 0, 0, 0, 0, 0, 0, 0, 0, 0, 0, 0, 0, 0, 0, 0, 0, 0, 0, 0, 0, 0, 0, 0, 0, 0, 0, 0, 0, 0, 0, 0, 0, 0, 0, 0, 0, 0, 0, 0, 0, 0, 0, 0, 0, 0, 0, 0, 0, 0, 0, 0, 0, 0, 0, 0, 0, 0, 0, 0, 0, 0, 0, 0, 0, 0, 0, 0, 0, 0, 0, 0, 0, 0, 0, 0, 0, 0, 0, 0, 0, 0, 0, 0, 0, 0, 0, 0, 0, 0, 0, 0, 0, 0, 0, 0, 0, 0, 0, 0, 0, 0, 0, 0, 0, 0, 0, 0, 0, 0, 0, 0, 0, 0, 0, 0, 0, 0, 0, 0, 0, 0, 0, 0, 0, 0, 0, 0, 0, 0, 0, 0, 0, 0, 0, 0, 0, 0, 0, 0, 0, 0, 0, 0, 0, 0, 0, 0, 0, 0, 0, 0, 0, 0, 0, 0, 0, 0, 0, 0, 0, 0, 0, 0, 0, 0, 0, 0, 0, 0, 0, 0, 0, 0, 0, 0, 0, 0, 0, 0, 0, 0, 0, 0, 0, 0, 0, 0, 0, 0, 0, 0, 0, 0, 0, 0, 0, 0, 0, 0, 0, 0, 0, 0, 0, 0, 0, 0, 0, 0, 0, 0, 0, 0, 0, 0, 0, 0, 0, 0, 0, 0, 0, 0, 0, 0, 0, 0, 0, 0, 0, 0, 0, 0, 0, 0, 0, 0, 0, 0, 0, 0, 0, 0, 0, 0, 0, 0, 0, 0, 0, 0, 0, 0, 0, 0, 0, 0, 0, 0, 0, 0, 0, 0, 0, 0, 0, 0, 0, 0, 0, 0, 0, 0, 0, 0, 0, 0, 0, 0, 0, 0, 0, 0, 0, 0, 0, 0, 0, 0, 0, 0, 0, 0, 0, 0, 0, 0, 0, 0, 0, 0, 0, 0, 0, 0, 0, 0, 0, 0, 0, 0, 0, 0, 0, 0, 0, 0, 0, 0, 0, 0, 0, 0, 0, 0, 0, 0, 0, 0, 0, 0, 0, 0, 0, 0, 0, 0, 0, 0, 0, 0, 0, 0, 0, 0, 0, 0, 0, 0, 0, 0, 0, 0, 0, 0, 0, 0, 0, 0, 0, 0, 0, 0, 0, 0, 0, 0, 0, 0, 0, 0, 0, 0, 0, 0, 0, 0, 0, 0, 0, 0, 0, 0, 0, 0, 0, 0, 0, 0, 0, 0, 0, 0, 0, 0, 0, 0, 0, 0, 0, 0, 0, 0, 0, 0, 0, 0, 0, 0, 0, 0, 0, 0, 0, 0, 0, 0, 0, 0, 0, 0, 0, 0, 0, 0, 0, 0, 0, 0, 0, 0, 0, 0, 0, 0, 0, 0, 0, 0, 0, 0, 0, 0, 0, 0, 0, 0, 0, 0, 0, 0, 0, 0, 0, 0, 0, 0, 0, 0, 0, 0, 0, 0, 0, 0, 0, 0, 0, 0, 0, 0, 0, 0, 0, 0, 0, 0, 0, 0, 0, 0, 0, 0, 0, 0, 0, 0, 0, 0, 0, 0, 0, 0, 0, 0, 0, 0, 0, 0, 0, 0, 0, 0, 0, 0, 0, 0, 0, 0, 0, 0, 0, 0, 0, 0, 0, 0, 0, 0, 0, 0, 0, 0, 0, 0, 0, 0, 0, 0, 0, 0, 0, 0, 0, 0, 0, 0, 0, 0, 0, 0, 0, 0, 0, 0, 0, 0, 0, 0, 0, 0, 0, 0, 0, 0, 0, 0, 0, 0, 0, 0, 0, 0, 0, 0, 0, 0, 0, 0], 'pool_int64s': [8, 9, 10, 11, 12, 13, 14, 15, 24, 25, 26, 27, 28, 29, 30, 31, 40, 41, 42, 43, 44, 45, 46, 47, 56, 57, 58, 59, 60, 61, 62, 63, 72, 73, 74, 75, 76, 77, 78, 79, 88, 89, 90, 91, 92, 93, 94, 95, 104, 105, 106, 107, 108, 109, 110, 111, 120, 121, 122, 123, 124, 125, 126, 127, 8, 9, 8, 10, 8, 11, 8, 12, 8, 13, 8, 14, 8, 15, 8, 24, 8, 25, 8, 26, 8, 27, 8, 28, 8, 29, 8, 30, 8, 31, 8, 40, 8, 41, 8, 42, 8, 43, 8, 44, 8, 45, 8, 46, 8, 47, 8, 56, 8, 57, 8, 58, 8, 59, 8, 60, 8, 61, 8, 62, 8, 63, 8, 72, 8, 73, 8, 74, 8, 75, 8, 76, 8, 77, 8, 78, 8, 79, 8, 88, 8, 89, 8, 90, 8, 91, 8, 92, 8, 93, 8, 94, 8, 95, 8, 104, 8, 105, 8, 106, 8, 107, 8, 108, 8, 109, 8, 110, 8, 111, 8, 120, 8, 121, 8, 122, 8, 123, 8, 124, 8, 125, 8, 126, 8, 127, 9, 10, 9, 11, 9, 12, 9, 13, 9, 14, 9, 15, 9, 24, 9, 25, 9, 26, 9, 27, 9, 28, 9, 29, 9, 30, 9, 31, 9, 40, 9, 41, 9, 42, 9, 43, 9, 44, 9, 45, 9, 46, 9, 47, 9, 56, 9, 57, 9, 58, 9, 59, 9, 60, 9, 61, 9, 62, 9, 63, 9, 72, 9, 73, 9, 74, 9, 75, 9, 76, 9, 77, 9, 78, 9, 79, 9, 88, 9, 89, 9, 90, 9, 91, 9, 92, 9, 93, 9, 94, 9, 95, 9, 104, 9, 105, 9, 106, 9, 107, 9, 108, 9, 109, 9, 110, 9, 111, 9, 120, 9, 121, 9, 122, 9, 123, 9, 124, 9, 125, 9, 126, 9, 127, 10, 9, 10, 11, 10, 12, 10, 13, 10, 14, 10, 15, 10, 24, 10, 25, 10, 26, 10, 27, 10, 28, 10, 29, 10, 30, 10, 31, 10, 40, 10, 41, 10, 42, 10, 43, 10, 44, 10, 45, 10, 46, 10, 47, 10, 56, 10, 57, 10, 58, 10, 59, 10, 60, 10, 61, 10, 62, 10, 63, 10, 72, 10, 73, 10, 74, 10, 75, 10, 76, 10, 77, 10, 78, 10, 79, 10, 88, 10, 89, 10, 90, 10, 91, 10, 92, 10, 93, 10, 94, 10, 95, 10, 104, 10, 105, 10, 106, 10, 107, 10, 108, 10, 109, 10, 110, 10, 111, 10, 120, 10, 121, 10, 122, 10, 123, 10, 124, 10, 125, 10, 126, 10, 127, 11, 9, 11, 10, 11, 12, 11, 13, 11, 14, 11, 15, 11, 24, 11, 25, 11, 26, 11, 27, 11, 28, 11, 29, 11, 30, 11, 31, 11, 40, 11, 41, 11, 42, 11, 43, 11, 44, 11, 45, 11, 46, 11, 47, 11, 56, 11, 57, 11, 58, 11, 59, 11, 60, 11, 61, 11, 62, 11, 63, 11, 72, 11, 73, 11, 74, 11, 75, 11, 76, 11, 77, 11, 78, 11, 79, 11, 88, 11, 89, 11, 90, 11, 91, 11, 92, 11, 93, 11, 94, 11, 95, 11, 104, 11, 105, 11, 106, 11, 107, 11, 108, 11, 109, 11, 110, 11, 111, 11, 120, 11, 121, 11, 122, 11, 123, 11, 124, 11, 125, 11, 126, 11, 127, 12, 9, 12, 10, 12, 11, 12, 13, 12, 14, 12, 15, 12, 24, 12, 25, 12, 26, 12, 27, 12, 28, 12, 29, 12, 30, 12, 31, 12, 40, 12, 41, 12, 42, 12, 43, 12, 44, 12, 45, 12, 46, 12, 47, 12, 56, 12, 57, 12, 58, 12, 59, 12, 60, 12, 61, 12, 62, 12, 63, 12, 72, 12, 73, 12, 74, 12, 75, 12, 76, 12, 77, 12, 78, 12, 79, 12, 88, 12, 89, 12, 90, 12, 91, 12, 92, 12, 93, 12, 94, 12, 95, 12, 104, 12, 105, 12, 106, 12, 107, 12, 108, 12, 109, 12, 110, 12, 111, 12, 120, 12, 121, 12, 122, 12, 123, 12, 124, 12, 125, 12, 126, 12, 127, 13, 9, 13, 10, 13, 11, 13, 12, 13, 14, 13, 15, 13, 24, 13, 25, 13, 26, 13, 27, 13, 28, 13, 29, 13, 30, 13, 31, 13, 40, 13, 41, 13, 42, 13, 43, 13, 44, 13, 45, 13, 46, 13, 47, 13, 56, 13, 57, 13, 58, 13, 59, 13, 60, 13, 61, 13, 62, 13, 63, 13, 72, 13, 73, 13, 74, 13, 75, 13, 76, 13, 77, 13, 78, 13, 79, 13, 88, 13, 89, 13, 90, 13, 91, 13, 92, 13, 93, 13, 94, 13, 95, 13, 104, 13, 105, 13, 106, 13, 107, 13, 108, 13, 109, 13, 110, 13, 111, 13, 120, 13, 121, 13, 122, 13, 123, 13, 124, 13, 125, 13, 126, 13, 127, 14, 9, 14, 10, 14, 11, 14, 12, 14, 13, 14, 15, 14, 24, 14, 25, 14, 26, 14, 27, 14, 28, 14, 29, 14, 30, 14, 31, 14, 40, 14, 41, 14, 42, 14, 43, 14, 44, 14, 45, 14, 46, 14, 47, 14, 56, 14, 57, 14, 58, 14, 59, 14, 60, 14, 61, 14, 62, 14, 63, 14, 72, 14, 73, 14, 74, 14, 75, 14, 76, 14, 77, 14, 78, 14, 79, 14, 88, 14, 89, 14, 90, 14, 91, 14, 92, 14, 93, 14, 94, 14, 95, 14, 104, 14, 105, 14, 106, 14, 107, 14, 108, 14, 109, 14, 110, 14, 111, 14, 120, 14, 121, 14, 122, 14, 123, 14, 124, 14, 125, 14, 126, 14, 127, 15, 9, 15, 10, 15, 11, 15, 12, 15, 13, 15, 14, 15, 24, 15, 25, 15, 26, 15, 27, 15, 28, 15, 29, 15, 30, 15, 31, 15, 40, 15, 41, 15, 42, 15, 43, 15, 44, 15, 45, 15, 46, 15, 47, 15, 56, 15, 57, 15, 58, 15, 59, 15, 60, 15, 61, 15, 62, 15, 63, 15, 72, 15, 73, 15, 74, 15, 75, 15, 76, 15, 77, 15, 78, 15, 79, 15, 88, 15, 89, 15, 90, 15, 91, 15, 92, 15, 93, 15, 94, 15, 95, 15, 104, 15, 105, 15, 106, 15, 107, 15, 108, 15, 109, 15, 110, 15, 111, 15, 120, 15, 121, 15, 122, 15, 123, 15, 124, 15, 125, 15, 126, 15, 127, 24, 10, 24, 11, 24, 12, 24, 13, 24, 14, 24, 15, 24, 25, 24, 26, 24, 27, 24, 28, 24, 29, 24, 30, 24, 31, 24, 40, 24, 41, 24, 42, 24, 43, 24, 44, 24, 45, 24, 46, 24, 47, 24, 56, 24, 57, 24, 58, 24, 59, 24, 60, 24, 61, 24, 62, 24, 63, 24, 72, 24, 73, 24, 74, 24, 75, 24, 76, 24, 77, 24, 78, 24, 79, 24, 88, 24, 89, 24, 90, 24, 91, 24, 92, 24, 93, 24, 94, 24, 95, 24, 104, 24, 105, 24, 106, 24, 107, 24, 108, 24, 109, 24, 110, 24, 111, 24, 120, 24, 121, 24, 122, 24, 123, 24, 124, 24, 125, 24, 126, 24, 127, 25, 10, 25, 11, 25, 12, 25, 13, 25, 14, 25, 15, 25, 26, 25, 27, 25, 28, 25, 29, 25, 30, 25, 31, 25, 40, 25, 41, 25, 42, 25, 43, 25, 44, 25, 45, 25, 46, 25, 47, 25, 56, 25, 57, 25, 58, 25, 59, 25, 60, 25, 61, 25, 62, 25, 63, 25, 72, 25, 73, 25, 74, 25, 75, 25, 76, 25, 77, 25, 78, 25, 79, 25, 88, 25, 89, 25, 90, 25, 91, 25, 92, 25, 93, 25, 94, 25, 95, 25, 104, 25, 105, 25, 106, 25, 107, 25, 108, 25, 109, 25, 110, 25, 111, 25, 120, 25, 121, 25, 122, 25, 123, 25, 124, 25, 125, 25, 126, 25, 127, 26, 8, 26, 9, 26, 10, 26, 11, 26, 12, 26, 13, 26, 14, 26, 15, 26, 24, 26, 27, 26, 28, 26, 29, 26, 30, 26, 31, 26, 40, 26, 41, 26, 42, 26, 43, 26, 44, 26, 45, 26, 46, 26, 47, 26, 56, 26, 57, 26, 58, 26, 59, 26, 60, 26, 61, 26, 62, 26, 63, 26, 72, 26, 73, 26, 74, 26, 75, 26, 76, 26, 77, 26, 78, 26, 79, 26, 88, 26, 89, 26, 90, 26, 91, 26, 92, 26, 93, 26, 94, 26, 95, 26, 104, 26, 105, 26, 106, 26, 107, 26, 108, 26, 109, 26, 110, 26, 111, 26, 120, 26, 121, 26, 122, 26, 123, 26, 124, 26, 125, 26, 126, 26, 127, 27, 8, 27, 9, 27, 10, 27, 11, 27, 12, 27, 13, 27, 14, 27, 15, 27, 24, 27, 26, 27, 28, 27, 29, 27, 30, 27, 31, 27, 40, 27, 41, 27, 42, 27, 43, 27, 44, 27, 45, 27, 46, 27, 47, 27, 56, 27, 57, 27, 58, 27, 59, 27, 60, 27, 61, 27, 62, 27, 63, 27, 72, 27, 73, 27, 74, 27, 75, 27, 76, 27, 77, 27, 78, 27, 79, 27, 88, 27, 89, 27, 90, 27, 91, 27, 92, 27, 93, 27, 94, 27, 95, 27, 104, 27, 105, 27, 106, 27, 107, 27, 108, 27, 109, 27, 110, 27, 111, 27, 120, 27, 121, 27, 122, 27, 123, 27, 124, 27, 125, 27, 126, 27, 127, 28, 8, 28, 9, 28, 10, 28, 11, 28, 12, 28, 13, 28, 14, 28, 15, 28, 24, 28, 26, 28, 27, 28, 29, 28, 30, 28, 31, 28, 40, 28, 41, 28, 42, 28, 43, 28, 44, 28, 45, 28, 46, 28, 47, 28, 56, 28, 57, 28, 58, 28, 59, 28, 60, 28, 61, 28, 62, 28, 63, 28, 72, 28, 73, 28, 74, 28, 75, 28, 76, 28, 77, 28, 78, 28, 79, 28, 88, 28, 89, 28, 90, 28, 91, 28, 92, 28, 93, 28, 94, 28, 95, 28, 104, 28, 105, 28, 106, 28, 107, 28, 108, 28, 109, 28, 110, 28, 111, 28, 120, 28, 121, 28, 122, 28, 123, 28, 124, 28, 125, 28, 126, 28, 127, 29, 8, 29, 9, 29, 10, 29, 11, 29, 12, 29, 13, 29, 14, 29, 15, 29, 24, 29, 26, 29, 27, 29, 28, 29, 30, 29, 31, 29, 40, 29, 41, 29, 42, 29, 43, 29, 44, 29, 45, 29, 46, 29, 47, 29, 56, 29, 57, 29, 58, 29, 59, 29, 60, 29, 61, 29, 62, 29, 63, 29, 72, 29, 73, 29, 74, 29, 75, 29, 76, 29, 77, 29, 78, 29, 79, 29, 88, 29, 89, 29, 90, 29, 91, 29, 92, 29, 93, 29, 94, 29, 95, 29, 104, 29, 105, 29, 106, 29, 107, 29, 108, 29, 109, 29, 110, 29, 111, 29, 120, 29, 121, 29, 122, 29, 123, 29, 124, 29, 125, 29, 126, 29, 127, 30, 8, 30, 9, 30, 10, 30, 11, 30, 12, 30, 13, 30, 14, 30, 15, 30, 24, 30, 26, 30, 27, 30, 28, 30, 29, 30, 31, 30, 40, 30, 41, 30, 42, 30, 43, 30, 44, 30, 45, 30, 46, 30, 47, 30, 56, 30, 57, 30, 58, 30, 59, 30, 60, 30, 61, 30, 62, 30, 63, 30, 72, 30, 73, 30, 74, 30, 75, 30, 76, 30, 77, 30, 78, 30, 79, 30, 88, 30, 89, 30, 90, 30, 91, 30, 92, 30, 93, 30, 94, 30, 95, 30, 104, 30, 105, 30, 106, 30, 107, 30, 108, 30, 109, 30, 110, 30, 111, 30, 120, 30, 121, 30, 122, 30, 123, 30, 124, 30, 125, 30, 126, 30, 127, 31, 8, 31, 9, 31, 10, 31, 11, 31, 12, 31, 13, 31, 14, 31, 15, 31, 24, 31, 26, 31, 27, 31, 28, 31, 29, 31, 30, 31, 40, 31, 41, 31, 42, 31, 43, 31, 44, 31, 45, 31, 46, 31, 47, 31, 56, 31, 57, 31, 58, 31, 59, 31, 60, 31, 61, 31, 62, 31, 63, 31, 72, 31, 73, 31, 74, 31, 75, 31, 76, 31, 77, 31, 78, 31, 79, 31, 88, 31, 89, 31, 90, 31, 91, 31, 92, 31, 93, 31, 94, 31, 95, 31, 104, 31, 105, 31, 106, 31, 107, 31, 108, 31, 109, 31, 110, 31, 111, 31, 120, 31, 121, 31, 122, 31, 123, 31, 124, 31, 125, 31, 126, 31, 127, 40, 9, 40, 11, 40, 12, 40, 13, 40, 14, 40, 15, 40, 24, 40, 25, 40, 26, 40, 27, 40, 28, 40, 29, 40, 30, 40, 31, 40, 41, 40, 42, 40, 43, 40, 44, 40, 45, 40, 46, 40, 47, 40, 56, 40, 57, 40, 58, 40, 59, 40, 60, 40, 61, 40, 62, 40, 63, 40, 72, 40, 73, 40, 74, 40, 75, 40, 76, 40, 77, 40, 78, 40, 79, 40, 88, 40, 89, 40, 90, 40, 91, 40, 92, 40, 93, 40, 94, 40, 95, 40, 104, 40, 105, 40, 106, 40, 107, 40, 108, 40, 109, 40, 110, 40, 111, 40, 120, 40, 121, 40, 122, 40, 123, 40, 124, 40, 125, 40, 126, 40, 127, 41, 8, 41, 9, 41, 10, 41, 11, 41, 12, 41, 13, 41, 14, 41, 15, 41, 24, 41, 27, 41, 28, 41, 29, 41, 30, 41, 31, 41, 40, 41, 42, 41, 43, 41, 44, 41, 45, 41, 46, 41, 47, 41, 56, 41, 57, 41, 58, 41, 59, 41, 60, 41, 61, 41, 62, 41, 63, 41, 72, 41, 73, 41, 74, 41, 75, 41, 76, 41, 77, 41, 78, 41, 79, 41, 88, 41, 89, 41, 90, 41, 91, 41, 92, 41, 93, 41, 94, 41, 95, 41, 104, 41, 105, 41, 106, 41, 107, 41, 108, 41, 109, 41, 110, 41, 111, 41, 120, 41, 121, 41, 122, 41, 123, 41, 124, 41, 125, 41, 126, 41, 127, 42, 9, 42, 11, 42, 12, 42, 13, 42, 14, 42, 15, 42, 24, 42, 27, 42, 28, 42, 29, 42, 30, 42, 31, 42, 43, 42, 44, 42, 45, 42, 46, 42, 47, 42, 56, 42, 57, 42, 58, 42, 59, 42, 60, 42, 61, 42, 62, 42, 63, 42, 72, 42, 73, 42, 74, 42, 75, 42, 76, 42, 77, 42, 78, 42, 79, 42, 88, 42, 89, 42, 90, 42, 91, 42, 92, 42, 93, 42, 94, 42, 95, 42, 104, 42, 105, 42, 106, 42, 107, 42, 108, 42, 109, 42, 110, 42, 111, 42, 120, 42, 121, 42, 122, 42, 123, 42, 124, 42, 125, 42, 126, 42, 127, 43, 8, 43, 9, 43, 10, 43, 11, 43, 12, 43, 13, 43, 14, 43, 15, 43, 24, 43, 25, 43, 26, 43, 27, 43, 28, 43, 29, 43, 30, 43, 31, 43, 40, 43, 41, 43, 44, 43, 45, 43, 46, 43, 47, 43, 56, 43, 57, 43, 58, 43, 59, 43, 60, 43, 61, 43, 62, 43, 63, 43, 72, 43, 73, 43, 74, 43, 75, 43, 76, 43, 77, 43, 78, 43, 79, 43, 88, 43, 89, 43, 90, 43, 91, 43, 92, 43, 93, 43, 94, 43, 95, 43, 104, 43, 105, 43, 106, 43, 107, 43, 108, 43, 109, 43, 110, 43, 111, 43, 120, 43, 121, 43, 122, 43, 123, 43, 124, 43, 125, 43, 126, 43, 127, 44, 8, 44, 9, 44, 10, 44, 11, 44, 12, 44, 13, 44, 14, 44, 15, 44, 24, 44, 25, 44, 26, 44, 27, 44, 28, 44, 29, 44, 30, 44, 31, 44, 40, 44, 41, 44, 43, 44, 45, 44, 46, 44, 47, 44, 56, 44, 57, 44, 58, 44, 59, 44, 60, 44, 61, 44, 62, 44, 63, 44, 72, 44, 73, 44, 74, 44, 75, 44, 76, 44, 77, 44, 78, 44, 79, 44, 88, 44, 89, 44, 90, 44, 91, 44, 92, 44, 93, 44, 94, 44, 95, 44, 104, 44, 105, 44, 106, 44, 107, 44, 108, 44, 109, 44, 110, 44, 111, 44, 120, 44, 121, 44, 122, 44, 123, 44, 124, 44, 125, 44, 126, 44, 127, 45, 8, 45, 9, 45, 10, 45, 11, 45, 12, 45, 13, 45, 14, 45, 15, 45, 24, 45, 25, 45, 26, 45, 27, 45, 28, 45, 29, 45, 30, 45, 31, 45, 40, 45, 41, 45, 43, 45, 44, 45, 46, 45, 47, 45, 56, 45, 57, 45, 58, 45, 59, 45, 60, 45, 61, 45, 62, 45, 63, 45, 72, 45, 73, 45, 74, 45, 75, 45, 76, 45, 77, 45, 78, 45, 79, 45, 88, 45, 89, 45, 90, 45, 91, 45, 92, 45, 93, 45, 94, 45, 95, 45, 104, 45, 105, 45, 106, 45, 107, 45, 108, 45, 109, 45, 110, 45, 111, 45, 120, 45, 121, 45, 122, 45, 123, 45, 124, 45, 125, 45, 126, 45, 127, 46, 8, 46, 9, 46, 10, 46, 11, 46, 12, 46, 13, 46, 14, 46, 15, 46, 24, 46, 25, 46, 26, 46, 27, 46, 28, 46, 29, 46, 30, 46, 31, 46, 40, 46, 41, 46, 43, 46, 44, 46, 45, 46, 47, 46, 56, 46, 57, 46, 58, 46, 59, 46, 60, 46, 61, 46, 62, 46, 63, 46, 72, 46, 73, 46, 74, 46, 75, 46, 76, 46, 77, 46, 78, 46, 79, 46, 88, 46, 89, 46, 90, 46, 91, 46, 92, 46, 93, 46, 94, 46, 95, 46, 104, 46, 105, 46, 106, 46, 107, 46, 108, 46, 109, 46, 110, 46, 111, 46, 120, 46, 121, 46, 122, 46, 123, 46, 124, 46, 125, 46, 126, 46, 127, 47, 8, 47, 9, 47, 10, 47, 11, 47, 12, 47, 13, 47, 14, 47, 15, 47, 24, 47, 25, 47, 26, 47, 27, 47, 28, 47, 29, 47, 30, 47, 31, 47, 40, 47, 41, 47, 43, 47, 44, 47, 45, 47, 46, 47, 56, 47, 57, 47, 58, 47, 59, 47, 60, 47, 61, 47, 62, 47, 63, 47, 72, 47, 73, 47, 74, 47, 75, 47, 76, 47, 77, 47, 78, 47, 79, 47, 88, 47, 89, 47, 90, 47, 91, 47, 92, 47, 93, 47, 94, 47, 95, 47, 104, 47, 105, 47, 106, 47, 107, 47, 108, 47, 109, 47, 110, 47, 111, 47, 120, 47, 121, 47, 122, 47, 123, 47, 124, 47, 125, 47, 126, 47, 127, 56, 9, 56, 10, 56, 12, 56, 13, 56, 14, 56, 15, 56, 24, 56, 25, 56, 26, 56, 27, 56, 28, 56, 29, 56, 30, 56, 31, 56, 40, 56, 41, 56, 42, 56, 43, 56, 44, 56, 45, 56, 46, 56, 47, 56, 57, 56, 58, 56, 59, 56, 60, 56, 61, 56, 62, 56, 63, 56, 72, 56, 73, 56, 74, 56, 75, 56, 76, 56, 77, 56, 78, 56, 79, 56, 88, 56, 89, 56, 90, 56, 91, 56, 92, 56, 93, 56, 94, 56, 95, 56, 104, 56, 105, 56, 106, 56, 107, 56, 108, 56, 109, 56, 110, 56, 111, 56, 120, 56, 121, 56, 122, 56, 123, 56, 124, 56, 125, 56, 126, 56, 127, 57, 8, 57, 9, 57, 10, 57, 11, 57, 12, 57, 13, 57, 14, 57, 15, 57, 24, 57, 26, 57, 28, 57, 29, 57, 30, 57, 31, 57, 40, 57, 41, 57, 42, 57, 43, 57, 44, 57, 45, 57, 46, 57, 47, 57, 56, 57, 58, 57, 59, 57, 60, 57, 61, 57, 62, 57, 63, 57, 72, 57, 73, 57, 74, 57, 75, 57, 76, 57, 77, 57, 78, 57, 79, 57, 88, 57, 89, 57, 90, 57, 91, 57, 92, 57, 93, 57, 94, 57, 95, 57, 104, 57, 105, 57, 106, 57, 107, 57, 108, 57, 109, 57, 110, 57, 111, 57, 120, 57, 121, 57, 122, 57, 123, 57, 124, 57, 125, 57, 126, 57, 127, 58, 8, 58, 9, 58, 10, 58, 11, 58, 12, 58, 13, 58, 14, 58, 15, 58, 24, 58, 25, 58, 26, 58, 27, 58, 28, 58, 29, 58, 30, 58, 31, 58, 40, 58, 41, 58, 44, 58, 45, 58, 46, 58, 47, 58, 56, 58, 57, 58, 59, 58, 60, 58, 61, 58, 62, 58, 63, 58, 72, 58, 73, 58, 74, 58, 75, 58, 76, 58, 77, 58, 78, 58, 79, 58, 88, 58, 89, 58, 90, 58, 91, 58, 92, 58, 93, 58, 94, 58, 95, 58, 104, 58, 105, 58, 106, 58, 107, 58, 108, 58, 109, 58, 110, 58, 111, 58, 120, 58, 121, 58, 122, 58, 123, 58, 124, 58, 125, 58, 126, 58, 127, 59, 9, 59, 10, 59, 12, 59, 13, 59, 14, 59, 15, 59, 24, 59, 26, 59, 28, 59, 29, 59, 30, 59, 31, 59, 40, 59, 41, 59, 44, 59, 45, 59, 46, 59, 47, 59, 60, 59, 61, 59, 62, 59, 63, 59, 72, 59, 73, 59, 74, 59, 75, 59, 76, 59, 77, 59, 78, 59, 79, 59, 88, 59, 89, 59, 90, 59, 91, 59, 92, 59, 93, 59, 94, 59, 95, 59, 104, 59, 105, 59, 106, 59, 107, 59, 108, 59, 109, 59, 110, 59, 111, 59, 120, 59, 121, 59, 122, 59, 123, 59, 124, 59, 125, 59, 126, 59, 127, 60, 8, 60, 9, 60, 10, 60, 11, 60, 12, 60, 13, 60, 14, 60, 15, 60, 24, 60, 25, 60, 26, 60, 27, 60, 28, 60, 29, 60, 30, 60, 31, 60, 40, 60, 41, 60, 42, 60, 43, 60, 44, 60, 45, 60, 46, 60, 47, 60, 56, 60, 57, 60, 58, 60, 61, 60, 62, 60, 63, 60, 72, 60, 73, 60, 74, 60, 75, 60, 76, 60, 77, 60, 78, 60, 79, 60, 88, 60, 89, 60, 90, 60, 91, 60, 92, 60, 93, 60, 94, 60, 95, 60, 104, 60, 105, 60, 106, 60, 107, 60, 108, 60, 109, 60, 110, 60, 111, 60, 120, 60, 121, 60, 122, 60, 123, 60, 124, 60, 125, 60, 126, 60, 127, 61, 8, 61, 9, 61, 10, 61, 11, 61, 12, 61, 13, 61, 14, 61, 15, 61, 24, 61, 25, 61, 26, 61, 27, 61, 28, 61, 29, 61, 30, 61, 31, 61, 40, 61, 41, 61, 42, 61, 43, 61, 44, 61, 45, 61, 46, 61, 47, 61, 56, 61, 57, 61, 58, 61, 60, 61, 62, 61, 63, 61, 72, 61, 73, 61, 74, 61, 75, 61, 76, 61, 77, 61, 78, 61, 79, 61, 88, 61, 89, 61, 90, 61, 91, 61, 92, 61, 93, 61, 94, 61, 95, 61, 104, 61, 105, 61, 106, 61, 107, 61, 108, 61, 109, 61, 110, 61, 111, 61, 120, 61, 121, 61, 122, 61, 123, 61, 124, 61, 125, 61, 126, 61, 127, 62, 8, 62, 9, 62, 10, 62, 11, 62, 12, 62, 13, 62, 14, 62, 15, 62, 24, 62, 25, 62, 26, 62, 27, 62, 28, 62, 29, 62, 30, 62, 31, 62, 40, 62, 41, 62, 42, 62, 43, 62, 44, 62, 45, 62, 46, 62, 47, 62, 56, 62, 57, 62, 58, 62, 60, 62, 61, 62, 63, 62, 72, 62, 73, 62, 74, 62, 75, 62, 76, 62, 77, 62, 78, 62, 79, 62, 88, 62, 89, 62, 90, 62, 91, 62, 92, 62, 93, 62, 94, 62, 95, 62, 104, 62, 105, 62, 106, 62, 107, 62, 108, 62, 109, 62, 110, 62, 111, 62, 120, 62, 121, 62, 122, 62, 123, 62, 124, 62, 125, 62, 126, 62, 127, 63, 8, 63, 9, 63, 10, 63, 11, 63, 12, 63, 13, 63, 14, 63, 15, 63, 24, 63, 25, 63, 26, 63, 27, 63, 28, 63, 29, 63, 30, 63, 31, 63, 40, 63, 41, 63, 42, 63, 43, 63, 44, 63, 45, 63, 46, 63, 47, 63, 56, 63, 57, 63, 58, 63, 60, 63, 61, 63, 62, 63, 72, 63, 73, 63, 74, 63, 75, 63, 76, 63, 77, 63, 78, 63, 79, 63, 88, 63, 89, 63, 90, 63, 91, 63, 92, 63, 93, 63, 94, 63, 95, 63, 104, 63, 105, 63, 106, 63, 107, 63, 108, 63, 109, 63, 110, 63, 111, 63, 120, 63, 121, 63, 122, 63, 123, 63, 124, 63, 125, 63, 126, 63, 127, 72, 9, 72, 10, 72, 11, 72, 13, 72, 14, 72, 15, 72, 24, 72, 25, 72, 26, 72, 27, 72, 28, 72, 29, 72, 30, 72, 31, 72, 40, 72, 41, 72, 42, 72, 43, 72, 44, 72, 45, 72, 46, 72, 47, 72, 56, 72, 57, 72, 58, 72, 59, 72, 60, 72, 61, 72, 62, 72, 63, 72, 73, 72, 74, 72, 75, 72, 76, 72, 77, 72, 78, 72, 79, 72, 88, 72, 89, 72, 90, 72, 91, 72, 92, 72, 93, 72, 94, 72, 95, 72, 104, 72, 105, 72, 106, 72, 107, 72, 108, 72, 109, 72, 110, 72, 111, 72, 120, 72, 121, 72, 122, 72, 123, 72, 124, 72, 125, 72, 126, 72, 127, 73, 8, 73, 9, 73, 10, 73, 11, 73, 12, 73, 13, 73, 14, 73, 15, 73, 24, 73, 26, 73, 27, 73, 29, 73, 30, 73, 31, 73, 40, 73, 41, 73, 42, 73, 43, 73, 44, 73, 45, 73, 46, 73, 47, 73, 56, 73, 57, 73, 58, 73, 59, 73, 60, 73, 61, 73, 62, 73, 63, 73, 72, 73, 74, 73, 75, 73, 76, 73, 77, 73, 78, 73, 79, 73, 88, 73, 89, 73, 90, 73, 91, 73, 92, 73, 93, 73, 94, 73, 95, 73, 104, 73, 105, 73, 106, 73, 107, 73, 108, 73, 109, 73, 110, 73, 111, 73, 120, 73, 121, 73, 122, 73, 123, 73, 124, 73, 125, 73, 126, 73, 127, 74, 8, 74, 9, 74, 10, 74, 11, 74, 12, 74, 13, 74, 14, 74, 15, 74, 24, 74, 25, 74, 26, 74, 27, 74, 28, 74, 29, 74, 30, 74, 31, 74, 40, 74, 41, 74, 43, 74, 45, 74, 46, 74, 47, 74, 56, 74, 57, 74, 58, 74, 59, 74, 60, 74, 61, 74, 62, 74, 63, 74, 72, 74, 73, 74, 75, 74, 76, 74, 77, 74, 78, 74, 79, 74, 88, 74, 89, 74, 90, 74, 91, 74, 92, 74, 93, 74, 94, 74, 95, 74, 104, 74, 105, 74, 106, 74, 107, 74, 108, 74, 109, 74, 110, 74, 111, 74, 120, 74, 121, 74, 122, 74, 123, 74, 124, 74, 125, 74, 126, 74, 127, 75, 8, 75, 9, 75, 10, 75, 11, 75, 12, 75, 13, 75, 14, 75, 15, 75, 24, 75, 25, 75, 26, 75, 27, 75, 28, 75, 29, 75, 30, 75, 31, 75, 40, 75, 41, 75, 42, 75, 43, 75, 44, 75, 45, 75, 46, 75, 47, 75, 56, 75, 57, 75, 58, 75, 61, 75, 62, 75, 63, 75, 72, 75, 73, 75, 74, 75, 76, 75, 77, 75, 78, 75, 79, 75, 88, 75, 89, 75, 90, 75, 91, 75, 92, 75, 93, 75, 94, 75, 95, 75, 104, 75, 105, 75, 106, 75, 107, 75, 108, 75, 109, 75, 110, 75, 111, 75, 120, 75, 121, 75, 122, 75, 123, 75, 124, 75, 125, 75, 126, 75, 127, 76, 9, 76, 10, 76, 11, 76, 13, 76, 14, 76, 15, 76, 24, 76, 26, 76, 27, 76, 29, 76, 30, 76, 31, 76, 40, 76, 41, 76, 43, 76, 45, 76, 46, 76, 47, 76, 56, 76, 57, 76, 58, 76, 61, 76, 62, 76, 63, 76, 77, 76, 78, 76, 79, 76, 88, 76, 89, 76, 90, 76, 91, 76, 92, 76, 93, 76, 94, 76, 95, 76, 104, 76, 105, 76, 106, 76, 107, 76, 108, 76, 109, 76, 110, 76, 111, 76, 120, 76, 121, 76, 122, 76, 123, 76, 124, 76, 125, 76, 126, 76, 127, 77, 8, 77, 9, 77, 10, 77, 11, 77, 12, 77, 13, 77, 14, 77, 15, 77, 24, 77, 25, 77, 26, 77, 27, 77, 28, 77, 29, 77, 30, 77, 31, 77, 40, 77, 41, 77, 42, 77, 43, 77, 44, 77, 45, 77, 46, 77, 47, 77, 56, 77, 57, 77, 58, 77, 59, 77, 60, 77, 61, 77, 62, 77, 63, 77, 72, 77, 73, 77, 74, 77, 75, 77, 78, 77, 79, 77, 88, 77, 89, 77, 90, 77, 91, 77, 92, 77, 93, 77, 94, 77, 95, 77, 104, 77, 105, 77, 106, 77, 107, 77, 108, 77, 109, 77, 110, 77, 111, 77, 120, 77, 121, 77, 122, 77, 123, 77, 124, 77, 125, 77, 126, 77, 127, 78, 8, 78, 9, 78, 10, 78, 11, 78, 12, 78, 13, 78, 14, 78, 15, 78, 24, 78, 25, 78, 26, 78, 27, 78, 28, 78, 29, 78, 30, 78, 31, 78, 40, 78, 41, 78, 42, 78, 43, 78, 44, 78, 45, 78, 46, 78, 47, 78, 56, 78, 57, 78, 58, 78, 59, 78, 60, 78, 61, 78, 62, 78, 63, 78, 72, 78, 73, 78, 74, 78, 75, 78, 77, 78, 79, 78, 88, 78, 89, 78, 90, 78, 91, 78, 92, 78, 93, 78, 94, 78, 95, 78, 104, 78, 105, 78, 106, 78, 107, 78, 108, 78, 109, 78, 110, 78, 111, 78, 120, 78, 121, 78, 122, 78, 123, 78, 124, 78, 125, 78, 126, 78, 127, 79, 8, 79, 9, 79, 10, 79, 11, 79, 12, 79, 13, 79, 14, 79, 15, 79, 24, 79, 25, 79, 26, 79, 27, 79, 28, 79, 29, 79, 30, 79, 31, 79, 40, 79, 41, 79, 42, 79, 43, 79, 44, 79, 45, 79, 46, 79, 47, 79, 56, 79, 57, 79, 58, 79, 59, 79, 60, 79, 61, 79, 62, 79, 63, 79, 72, 79, 73, 79, 74, 79, 75, 79, 77, 79, 78, 79, 88, 79, 89, 79, 90, 79, 91, 79, 92, 79, 93, 79, 94, 79, 95, 79, 104, 79, 105, 79, 106, 79, 107, 79, 108, 79, 109, 79, 110, 79, 111, 79, 120, 79, 121, 79, 122, 79, 123, 79, 124, 79, 125, 79, 126, 79, 127, 88, 9, 88, 10, 88, 11, 88, 12, 88, 14, 88, 15, 88, 24, 88, 25, 88, 26, 88, 27, 88, 28, 88, 29, 88, 30, 88, 31, 88, 40, 88, 41, 88, 42, 88, 43, 88, 44, 88, 45, 88, 46, 88, 47, 88, 56, 88, 57, 88, 58, 88, 59, 88, 60, 88, 61, 88, 62, 88, 63, 88, 72, 88, 73, 88, 74, 88, 75, 88, 76, 88, 77, 88, 78, 88, 79, 88, 89, 88, 90, 88, 91, 88, 92, 88, 93, 88, 94, 88, 95, 88, 104, 88, 105, 88, 106, 88, 107, 88, 108, 88, 109, 88, 110, 88, 111, 88, 120, 88, 121, 88, 122, 88, 123, 88, 124, 88, 125, 88, 126, 88, 127, 89, 8, 89, 9, 89, 10, 89, 11, 89, 12, 89, 13, 89, 14, 89, 15, 89, 24, 89, 26, 89, 27, 89, 28, 89, 30, 89, 31, 89, 40, 89, 41, 89, 42, 89, 43, 89, 44, 89, 45, 89, 46, 89, 47, 89, 56, 89, 57, 89, 58, 89, 59, 89, 60, 89, 61, 89, 62, 89, 63, 89, 72, 89, 73, 89, 74, 89, 75, 89, 76, 89, 77, 89, 78, 89, 79, 89, 88, 89, 90, 89, 91, 89, 92, 89, 93, 89, 94, 89, 95, 89, 104, 89, 105, 89, 106, 89, 107, 89, 108, 89, 109, 89, 110, 89, 111, 89, 120, 89, 121, 89, 122, 89, 123, 89, 124, 89, 125, 89, 126, 89, 127, 90, 8, 90, 9, 90, 10, 90, 11, 90, 12, 90, 13, 90, 14, 90, 15, 90, 24, 90, 25, 90, 26, 90, 27, 90, 28, 90, 29, 90, 30, 90, 31, 90, 40, 90, 41, 90, 43, 90, 44, 90, 46, 90, 47, 90, 56, 90, 57, 90, 58, 90, 59, 90, 60, 90, 61, 90, 62, 90, 63, 90, 72, 90, 73, 90, 74, 90, 75, 90, 76, 90, 77, 90, 78, 90, 79, 90, 88, 90, 89, 90, 91, 90, 92, 90, 93, 90, 94, 90, 95, 90, 104, 90, 105, 90, 106, 90, 107, 90, 108, 90, 109, 90, 110, 90, 111, 90, 120, 90, 121, 90, 122, 90, 123, 90, 124, 90, 125, 90, 126, 90, 127, 91, 8, 91, 9, 91, 10, 91, 11, 91, 12, 91, 13, 91, 14, 91, 15, 91, 24, 91, 25, 91, 26, 91, 27, 91, 28, 91, 29, 91, 30, 91, 31, 91, 40, 91, 41, 91, 42, 91, 43, 91, 44, 91, 45, 91, 46, 91, 47, 91, 56, 91, 57, 91, 58, 91, 60, 91, 62, 91, 63, 91, 72, 91, 73, 91, 74, 91, 75, 91, 76, 91, 77, 91, 78, 91, 79, 91, 88, 91, 89, 91, 90, 91, 92, 91, 93, 91, 94, 91, 95, 91, 104, 91, 105, 91, 106, 91, 107, 91, 108, 91, 109, 91, 110, 91, 111, 91, 120, 91, 121, 91, 122, 91, 123, 91, 124, 91, 125, 91, 126, 91, 127, 92, 8, 92, 9, 92, 10, 92, 11, 92, 12, 92, 13, 92, 14, 92, 15, 92, 24, 92, 25, 92, 26, 92, 27, 92, 28, 92, 29, 92, 30, 92, 31, 92, 40, 92, 41, 92, 42, 92, 43, 92, 44, 92, 45, 92, 46, 92, 47, 92, 56, 92, 57, 92, 58, 92, 59, 92, 60, 92, 61, 92, 62, 92, 63, 92, 72, 92, 73, 92, 74, 92, 75, 92, 78, 92, 79, 92, 88, 92, 89, 92, 90, 92, 91, 92, 93, 92, 94, 92, 95, 92, 104, 92, 105, 92, 106, 92, 107, 92, 108, 92, 109, 92, 110, 92, 111, 92, 120, 92, 121, 92, 122, 92, 123, 92, 124, 92, 125, 92, 126, 92, 127, 93, 9, 93, 10, 93, 11, 93, 12, 93, 14, 93, 15, 93, 24, 93, 26, 93, 27, 93, 28, 93, 30, 93, 31, 93, 40, 93, 41, 93, 43, 93, 44, 93, 46, 93, 47, 93, 56, 93, 57, 93, 58, 93, 60, 93, 62, 93, 63, 93, 72, 93, 73, 93, 74, 93, 75, 93, 78, 93, 79, 93, 94, 93, 95, 93, 104, 93, 105, 93, 106, 93, 107, 93, 108, 93, 109, 93, 110, 93, 111, 93, 120, 93, 121, 93, 122, 93, 123, 93, 124, 93, 125, 93, 126, 93, 127, 94, 8, 94, 9, 94, 10, 94, 11, 94, 12, 94, 13, 94, 14, 94, 15, 94, 24, 94, 25, 94, 26, 94, 27, 94, 28, 94, 29, 94, 30, 94, 31, 94, 40, 94, 41, 94, 42, 94, 43, 94, 44, 94, 45, 94, 46, 94, 47, 94, 56, 94, 57, 94, 58, 94, 59, 94, 60, 94, 61, 94, 62, 94, 63, 94, 72, 94, 73, 94, 74, 94, 75, 94, 76, 94, 77, 94, 78, 94, 79, 94, 88, 94, 89, 94, 90, 94, 91, 94, 92, 94, 95, 94, 104, 94, 105, 94, 106, 94, 107, 94, 108, 94, 109, 94, 110, 94, 111, 94, 120, 94, 121, 94, 122, 94, 123, 94, 124, 94, 125, 94, 126, 94, 127, 95, 8, 95, 9, 95, 10, 95, 11, 95, 12, 95, 13, 95, 14, 95, 15, 95, 24, 95, 25, 95, 26, 95, 27, 95, 28, 95, 29, 95, 30, 95, 31, 95, 40, 95, 41, 95, 42, 95, 43, 95, 44, 95, 45, 95, 46, 95, 47, 95, 56, 95, 57, 95, 58, 95, 59, 95, 60, 95, 61, 95, 62, 95, 63, 95, 72, 95, 73, 95, 74, 95, 75, 95, 76, 95, 77, 95, 78, 95, 79, 95, 88, 95, 89, 95, 90, 95, 91, 95, 92, 95, 94, 95, 104, 95, 105, 95, 106, 95, 107, 95, 108, 95, 109, 95, 110, 95, 111, 95, 120, 95, 121, 95, 122, 95, 123, 95, 124, 95, 125, 95, 126, 95, 127, 104, 9, 104, 10, 104, 11, 104, 12, 104, 13, 104, 15, 104, 24, 104, 25, 104, 26, 104, 27, 104, 28, 104, 29, 104, 30, 104, 31, 104, 40, 104, 41, 104, 42, 104, 43, 104, 44, 104, 45, 104, 46, 104, 47, 104, 56, 104, 57, 104, 58, 104, 59, 104, 60, 104, 61, 104, 62, 104, 63, 104, 72, 104, 73, 104, 74, 104, 75, 104, 76, 104, 77, 104, 78, 104, 79, 104, 88, 104, 89, 104, 90, 104, 91, 104, 92, 104, 93, 104, 94, 104, 95, 104, 105, 104, 106, 104, 107, 104, 108, 104, 109, 104, 110, 104, 111, 104, 120, 104, 121, 104, 122, 104, 123, 104, 124, 104, 125, 104, 126, 104, 127, 105, 8, 105, 9, 105, 10, 105, 11, 105, 12, 105, 13, 105, 14, 105, 15, 105, 24, 105, 26, 105, 27, 105, 28, 105, 29, 105, 31, 105, 40, 105, 41, 105, 42, 105, 43, 105, 44, 105, 45, 105, 46, 105, 47, 105, 56, 105, 57, 105, 58, 105, 59, 105, 60, 105, 61, 105, 62, 105, 63, 105, 72, 105, 73, 105, 74, 105, 75, 105, 76, 105, 77, 105, 78, 105, 79, 105, 88, 105, 89, 105, 90, 105, 91, 105, 92, 105, 93, 105, 94, 105, 95, 105, 104, 105, 106, 105, 107, 105, 108, 105, 109, 105, 110, 105, 111, 105, 120, 105, 121, 105, 122, 105, 123, 105, 124, 105, 125, 105, 126, 105, 127, 106, 8, 106, 9, 106, 10, 106, 11, 106, 12, 106, 13, 106, 14, 106, 15, 106, 24, 106, 25, 106, 26, 106, 27, 106, 28, 106, 29, 106, 30, 106, 31, 106, 40, 106, 41, 106, 43, 106, 44, 106, 45, 106, 47, 106, 56, 106, 57, 106, 58, 106, 59, 106, 60, 106, 61, 106, 62, 106, 63, 106, 72, 106, 73, 106, 74, 106, 75, 106, 76, 106, 77, 106, 78, 106, 79, 106, 88, 106, 89, 106, 90, 106, 91, 106, 92, 106, 93, 106, 94, 106, 95, 106, 104, 106, 105, 106, 107, 106, 108, 106, 109, 106, 110, 106, 111, 106, 120, 106, 121, 106, 122, 106, 123, 106, 124, 106, 125, 106, 126, 106, 127, 107, 8, 107, 9, 107, 10, 107, 11, 107, 12, 107, 13, 107, 14, 107, 15, 107, 24, 107, 25, 107, 26, 107, 27, 107, 28, 107, 29, 107, 30, 107, 31, 107, 40, 107, 41, 107, 42, 107, 43, 107, 44, 107, 45, 107, 46, 107, 47, 107, 56, 107, 57, 107, 58, 107, 60, 107, 61, 107, 63, 107, 72, 107, 73, 107, 74, 107, 75, 107, 76, 107, 77, 107, 78, 107, 79, 107, 88, 107, 89, 107, 90, 107, 91, 107, 92, 107, 93, 107, 94, 107, 95, 107, 104, 107, 105, 107, 106, 107, 108, 107, 109, 107, 110, 107, 111, 107, 120, 107, 121, 107, 122, 107, 123, 107, 124, 107, 125, 107, 126, 107, 127, 108, 8, 108, 9, 108, 10, 108, 11, 108, 12, 108, 13, 108, 14, 108, 15, 108, 24, 108, 25, 108, 26, 108, 27, 108, 28, 108, 29, 108, 30, 108, 31, 108, 40, 108, 41, 108, 42, 108, 43, 108, 44, 108, 45, 108, 46, 108, 47, 108, 56, 108, 57, 108, 58, 108, 59, 108, 60, 108, 61, 108, 62, 108, 63, 108, 72, 108, 73, 108, 74, 108, 75, 108, 77, 108, 79, 108, 88, 108, 89, 108, 90, 108, 91, 108, 92, 108, 93, 108, 94, 108, 95, 108, 104, 108, 105, 108, 106, 108, 107, 108, 109, 108, 110, 108, 111, 108, 120, 108, 121, 108, 122, 108, 123, 108, 124, 108, 125, 108, 126, 108, 127, 109, 8, 109, 9, 109, 10, 109, 11, 109, 12, 109, 13, 109, 14, 109, 15, 109, 24, 109, 25, 109, 26, 109, 27, 109, 28, 109, 29, 109, 30, 109, 31, 109, 40, 109, 41, 109, 42, 109, 43, 109, 44, 109, 45, 109, 46, 109, 47, 109, 56, 109, 57, 109, 58, 109, 59, 109, 60, 109, 61, 109, 62, 109, 63, 109, 72, 109, 73, 109, 74, 109, 75, 109, 76, 109, 77, 109, 78, 109, 79, 109, 88, 109, 89, 109, 90, 109, 91, 109, 92, 109, 95, 109, 104, 109, 105, 109, 106, 109, 107, 109, 108, 109, 110, 109, 111, 109, 120, 109, 121, 109, 122, 109, 123, 109, 124, 109, 125, 109, 126, 109, 127, 110, 9, 110, 10, 110, 11, 110, 12, 110, 13, 110, 15, 110, 24, 110, 26, 110, 27, 110, 28, 110, 29, 110, 31, 110, 40, 110, 41, 110, 43, 110, 44, 110, 45, 110, 47, 110, 56, 110, 57, 110, 58, 110, 60, 110, 61, 110, 63, 110, 72, 110, 73, 110, 74, 110, 75, 110, 77, 110, 79, 110, 88, 110, 89, 110, 90, 110, 91, 110, 92, 110, 95, 110, 111, 110, 120, 110, 121, 110, 122, 110, 123, 110, 124, 110, 125, 110, 126, 110, 127, 111, 8, 111, 9, 111, 10, 111, 11, 111, 12, 111, 13, 111, 14, 111, 15, 111, 24, 111, 25, 111, 26, 111, 27, 111, 28, 111, 29, 111, 30, 111, 31, 111, 40, 111, 41, 111, 42, 111, 43, 111, 44, 111, 45, 111, 46, 111, 47, 111, 56, 111, 57, 111, 58, 111, 59, 111, 60, 111, 61, 111, 62, 111, 63, 111, 72, 111, 73, 111, 74, 111, 75, 111, 76, 111, 77, 111, 78, 111, 79, 111, 88, 111, 89, 111, 90, 111, 91, 111, 92, 111, 93, 111, 94, 111, 95, 111, 104, 111, 105, 111, 106, 111, 107, 111, 108, 111, 109, 111, 120, 111, 121, 111, 122, 111, 123, 111, 124, 111, 125, 111, 126, 111, 127, 120, 9, 120, 10, 120, 11, 120, 12, 120, 13, 120, 14, 120, 24, 120, 25, 120, 26, 120, 27, 120, 28, 120, 29, 120, 30, 120, 31, 120, 40, 120, 41, 120, 42, 120, 43, 120, 44, 120, 45, 120, 46, 120, 47, 120, 56, 120, 57, 120, 58, 120, 59, 120, 60, 120, 61, 120, 62, 120, 63, 120, 72, 120, 73, 120, 74, 120, 75, 120, 76, 120, 77, 120, 78, 120, 79, 120, 88, 120, 89, 120, 90, 120, 91, 120, 92, 120, 93, 120, 94, 120, 95, 120, 104, 120, 105, 120, 106, 120, 107, 120, 108, 120, 109, 120, 110, 120, 111, 120, 121, 120, 122, 120, 123, 120, 124, 120, 125, 120, 126, 120, 127, 121, 8, 121, 9, 121, 10, 121, 11, 121, 12, 121, 13, 121, 14, 121, 15, 121, 24, 121, 26, 121, 27, 121, 28, 121, 29, 121, 30, 121, 40, 121, 41, 121, 42, 121, 43, 121, 44, 121, 45, 121, 46, 121, 47, 121, 56, 121, 57, 121, 58, 121, 59, 121, 60, 121, 61, 121, 62, 121, 63, 121, 72, 121, 73, 121, 74, 121, 75, 121, 76, 121, 77, 121, 78, 121, 79, 121, 88, 121, 89, 121, 90, 121, 91, 121, 92, 121, 93, 121, 94, 121, 95, 121, 104, 121, 105, 121, 106, 121, 107, 121, 108, 121, 109, 121, 110, 121, 111, 121, 120, 121, 122, 121, 123, 121, 124, 121, 125, 121, 126, 121, 127, 122, 8, 122, 9, 122, 10, 122, 11, 122, 12, 122, 13, 122, 14, 122, 15, 122, 24, 122, 25, 122, 26, 122, 27, 122, 28, 122, 29, 122, 30, 122, 31, 122, 40, 122, 41, 122, 43, 122, 44, 122, 45, 122, 46, 122, 56, 122, 57, 122, 58, 122, 59, 122, 60, 122, 61, 122, 62, 122, 63, 122, 72, 122, 73, 122, 74, 122, 75, 122, 76, 122, 77, 122, 78, 122, 79, 122, 88, 122, 89, 122, 90, 122, 91, 122, 92, 122, 93, 122, 94, 122, 95, 122, 104, 122, 105, 122, 106, 122, 107, 122, 108, 122, 109, 122, 110, 122, 111, 122, 120, 122, 121, 122, 123, 122, 124, 122, 125, 122, 126, 122, 127, 123, 8, 123, 9, 123, 10, 123, 11, 123, 12, 123, 13, 123, 14, 123, 15, 123, 24, 123, 25, 123, 26, 123, 27, 123, 28, 123, 29, 123, 30, 123, 31, 123, 40, 123, 41, 123, 42, 123, 43, 123, 44, 123, 45, 123, 46, 123, 47, 123, 56, 123, 57, 123, 58, 123, 60, 123, 61, 123, 62, 123, 72, 123, 73, 123, 74, 123, 75, 123, 76, 123, 77, 123, 78, 123, 79, 123, 88, 123, 89, 123, 90, 123, 91, 123, 92, 123, 93, 123, 94, 123, 95, 123, 104, 123, 105, 123, 106, 123, 107, 123, 108, 123, 109, 123, 110, 123, 111, 123, 120, 123, 121, 123, 122, 123, 124, 123, 125, 123, 126, 123, 127, 124, 8, 124, 9, 124, 10, 124, 11, 124, 12, 124, 13, 124, 14, 124, 15, 124, 24, 124, 25, 124, 26, 124, 27, 124, 28, 124, 29, 124, 30, 124, 31, 124, 40, 124, 41, 124, 42, 124, 43, 124, 44, 124, 45, 124, 46, 124, 47, 124, 56, 124, 57, 124, 58, 124, 59, 124, 60, 124, 61, 124, 62, 124, 63, 124, 72, 124, 73, 124, 74, 124, 75, 124, 77, 124, 78, 124, 88, 124, 89, 124, 90, 124, 91, 124, 92, 124, 93, 124, 94, 124, 95, 124, 104, 124, 105, 124, 106, 124, 107, 124, 108, 124, 109, 124, 110, 124, 111, 124, 120, 124, 121, 124, 122, 124, 123, 124, 125, 124, 126, 124, 127, 125, 8, 125, 9, 125, 10, 125, 11, 125, 12, 125, 13, 125, 14, 125, 15, 125, 24, 125, 25, 125, 26, 125, 27, 125, 28, 125, 29, 125, 30, 125, 31, 125, 40, 125, 41, 125, 42, 125, 43, 125, 44, 125, 45, 125, 46, 125, 47, 125, 56, 125, 57, 125, 58, 125, 59, 125, 60, 125, 61, 125, 62, 125, 63, 125, 72, 125, 73, 125, 74, 125, 75, 125, 76, 125, 77, 125, 78, 125, 79, 125, 88, 125, 89, 125, 90, 125, 91, 125, 92, 125, 94, 125, 104, 125, 105, 125, 106, 125, 107, 125, 108, 125, 109, 125, 110, 125, 111, 125, 120, 125, 121, 125, 122, 125, 123, 125, 124, 125, 126, 125, 127, 126, 8, 126, 9, 126, 10, 126, 11, 126, 12, 126, 13, 126, 14, 126, 15, 126, 24, 126, 25, 126, 26, 126, 27, 126, 28, 126, 29, 126, 30, 126, 31, 126, 40, 126, 41, 126, 42, 126, 43, 126, 44, 126, 45, 126, 46, 126, 47, 126, 56, 126, 57, 126, 58, 126, 59, 126, 60, 126, 61, 126, 62, 126, 63, 126, 72, 126, 73, 126, 74, 126, 75, 126, 76, 126, 77, 126, 78, 126, 79, 126, 88, 126, 89, 126, 90, 126, 91, 126, 92, 126, 93, 126, 94, 126, 95, 126, 104, 126, 105, 126, 106, 126, 107, 126, 108, 126, 109, 126, 120, 126, 121, 126, 122, 126, 123, 126, 124, 126, 125, 126, 127, 127, 9, 127, 10, 127, 11, 127, 12, 127, 13, 127, 14, 127, 24, 127, 26, 127, 27, 127, 28, 127, 29, 127, 30, 127, 40, 127, 41, 127, 43, 127, 44, 127, 45, 127, 46, 127, 56, 127, 57, 127, 58, 127, 60, 127, 61, 127, 62, 127, 72, 127, 73, 127, 74, 127, 75, 127, 77, 127, 78, 127, 88, 127, 89, 127, 90, 127, 91, 127, 92, 127, 94, 127, 104, 127, 105, 127, 106, 127, 107, 127, 108, 127, 109, 9, 9, 9, 9, 43, 9, 9, 44, 9, 9, 45, 9, 9, 46, 9, 9, 47, 9, 9, 58, 9, 9, 60, 9, 9, 61, 9, 9, 62, 9, 9, 63, 9, 9, 74, 9, 9, 75, 9, 9, 77, 9, 9, 78, 9, 9, 79, 9, 9, 90, 9, 9, 91, 9, 9, 92, 9, 9, 94, 9, 9, 95, 9, 9, 106, 9, 9, 107, 9, 9, 108, 9, 9, 109, 9, 9, 111, 9, 9, 122, 9, 9, 123, 9, 9, 124, 9, 9, 125, 9, 9, 126, 9, 10, 10, 10, 10, 27, 10, 10, 28, 10, 10, 29, 10, 10, 30, 10, 10, 31, 10, 10, 57, 10, 10, 60, 10, 10, 61, 10, 10, 62, 10, 10, 63, 10, 10, 73, 10, 10, 75, 10, 10, 77, 10, 10, 78, 10, 10, 79, 10, 10, 89, 10, 10, 91, 10, 10, 92, 10, 10, 94, 10, 10, 95, 10, 10, 105, 10, 10, 107, 10, 10, 108, 10, 10, 109, 10, 10, 111, 10, 10, 121, 10, 10, 123, 10, 10, 124, 10, 10, 125, 10, 10, 126, 10, 11, 11, 11, 11, 26, 11, 11, 28, 11, 11, 29, 11, 11, 30, 11, 11, 31, 11, 11, 41, 11, 11, 44, 11, 11, 45, 11, 11, 46, 11, 11, 47, 11, 11, 73, 11, 11, 74, 11, 11, 77, 11, 11, 78, 11, 11, 79, 11, 11, 89, 11, 11, 90, 11, 11, 92, 11, 11, 94, 11, 11, 95, 11, 11, 105, 11, 11, 106, 11, 11, 108, 11, 11, 109, 11, 11, 111, 11, 11, 121, 11, 11, 122, 11, 11, 124, 11, 11, 125, 11, 11, 126, 11, 12, 12, 12, 12, 26, 12, 12, 27, 12, 12, 29, 12, 12, 30, 12, 12, 31, 12, 12, 41, 12, 12, 43, 12, 12, 45, 12, 12, 46, 12, 12, 47, 12, 12, 57, 12, 12, 58, 12, 12, 61, 12, 12, 62, 12, 12, 63, 12, 12, 89, 12, 12, 90, 12, 12, 91, 12, 12, 94, 12, 12, 95, 12, 12, 105, 12, 12, 106, 12, 12, 107, 12, 12, 109, 12, 12, 111, 12, 12, 121, 12, 12, 122, 12, 12, 123, 12, 12, 125, 12, 12, 126, 12, 13, 13, 13, 13, 26, 13, 13, 27, 13, 13, 28, 13, 13, 30, 13, 13, 31, 13, 13, 41, 13, 13, 43, 13, 13, 44, 13, 13, 46, 13, 13, 47, 13, 13, 57, 13, 13, 58, 13, 13, 60, 13, 13, 62, 13, 13, 63, 13, 13, 73, 13, 13, 74, 13, 13, 75, 13, 13, 78, 13, 13, 79, 13, 13, 105, 13, 13, 106, 13, 13, 107, 13, 13, 108, 13, 13, 111, 13, 13, 121, 13, 13, 122, 13, 13, 123, 13, 13, 124, 13, 13, 126, 13, 14, 14, 14, 14, 26, 14, 14, 27, 14, 14, 28, 14, 14, 29, 14, 14, 31, 14, 14, 41, 14, 14, 43, 14, 14, 44, 14, 14, 45, 14, 14, 47, 14, 14, 57, 14, 14, 58, 14, 14, 60, 14, 14, 61, 14, 14, 63, 14, 14, 73, 14, 14, 74, 14, 14, 75, 14, 14, 77, 14, 14, 79, 14, 14, 89, 14, 14, 90, 14, 14, 91, 14, 14, 92, 14, 14, 95, 14, 14, 121, 14, 14, 122, 14, 14, 123, 14, 14, 124, 14, 14, 125, 14, 15, 15, 15, 15, 26, 15, 15, 27, 15, 15, 28, 15, 15, 29, 15, 15, 30, 15, 15, 41, 15, 15, 43, 15, 15, 44, 15, 15, 45, 15, 15, 46, 15, 15, 57, 15, 15, 58, 15, 15, 60, 15, 15, 61, 15, 15, 62, 15, 15, 73, 15, 15, 74, 15, 15, 75, 15, 15, 77, 15, 15, 78, 15, 15, 89, 15, 15, 90, 15, 15, 91, 15, 15, 92, 15, 15, 94, 15, 15, 105, 15, 15, 106, 15, 15, 107, 15, 15, 108, 15, 15, 109, 15, 24, 24, 24, 24, 43, 24, 24, 44, 24, 24, 45, 24, 24, 46, 24, 24, 47, 24, 24, 58, 24, 24, 60, 24, 24, 61, 24, 24, 62, 24, 24, 63, 24, 24, 74, 24, 24, 75, 24, 24, 77, 24, 24, 78, 24, 24, 79, 24, 24, 90, 24, 24, 91, 24, 24, 92, 24, 24, 94, 24, 24, 95, 24, 24, 106, 24, 24, 107, 24, 24, 108, 24, 24, 109, 24, 24, 111, 24, 24, 122, 24, 24, 123, 24, 24, 124, 24, 24, 125, 24, 24, 126, 24, 26, 11, 26, 26, 12, 26, 26, 13, 26, 26, 14, 26, 26, 15, 26, 26, 26, 26, 26, 56, 26, 26, 60, 26, 26, 61, 26, 26, 62, 26, 26, 63, 26, 26, 72, 26, 26, 75, 26, 26, 77, 26, 26, 78, 26, 26, 79, 26, 26, 88, 26, 26, 91, 26, 26, 92, 26, 26, 94, 26, 26, 95, 26, 26, 104, 26, 26, 107, 26, 26, 108, 26, 26, 109, 26, 26, 111, 26, 26, 120, 26, 26, 123, 26, 26, 124, 26, 26, 125, 26, 26, 126, 26, 27, 10, 27, 27, 12, 27, 27, 13, 27, 27, 14, 27, 27, 15, 27, 27, 27, 27, 27, 40, 27, 27, 44, 27, 27, 45, 27, 27, 46, 27, 27, 47, 27, 27, 72, 27, 27, 74, 27, 27, 77, 27, 27, 78, 27, 27, 79, 27, 27, 88, 27, 27, 90, 27, 27, 92, 27, 27, 94, 27, 27, 95, 27, 27, 104, 27, 27, 106, 27, 27, 108, 27, 27, 109, 27, 27, 111, 27, 27, 120, 27, 27, 122, 27, 27, 124, 27, 27, 125, 27, 27, 126, 27, 28, 10, 28, 28, 11, 28, 28, 13, 28, 28, 14, 28, 28, 15, 28, 28, 28, 28, 28, 40, 28, 28, 43, 28, 28, 45, 28, 28, 46, 28, 28, 47, 28, 28, 56, 28, 28, 58, 28, 28, 61, 28, 28, 62, 28, 28, 63, 28, 28, 88, 28, 28, 90, 28, 28, 91, 28, 28, 94, 28, 28, 95, 28, 28, 104, 28, 28, 106, 28, 28, 107, 28, 28, 109, 28, 28, 111, 28, 28, 120, 28, 28, 122, 28, 28, 123, 28, 28, 125, 28, 28, 126, 28, 29, 10, 29, 29, 11, 29, 29, 12, 29, 29, 14, 29, 29, 15, 29, 29, 29, 29, 29, 40, 29, 29, 43, 29, 29, 44, 29, 29, 46, 29, 29, 47, 29, 29, 56, 29, 29, 58, 29, 29, 60, 29, 29, 62, 29, 29, 63, 29, 29, 72, 29, 29, 74, 29, 29, 75, 29, 29, 78, 29, 29, 79, 29, 29, 104, 29, 29, 106, 29, 29, 107, 29, 29, 108, 29, 29, 111, 29, 29, 120, 29, 29, 122, 29, 29, 123, 29, 29, 124, 29, 29, 126, 29, 30, 10, 30, 30, 11, 30, 30, 12, 30, 30, 13, 30, 30, 15, 30, 30, 30, 30, 30, 40, 30, 30, 43, 30, 30, 44, 30, 30, 45, 30, 30, 47, 30, 30, 56, 30, 30, 58, 30, 30, 60, 30, 30, 61, 30, 30, 63, 30, 30, 72, 30, 30, 74, 30, 30, 75, 30, 30, 77, 30, 30, 79, 30, 30, 88, 30, 30, 90, 30, 30, 91, 30, 30, 92, 30, 30, 95, 30, 30, 120, 30, 30, 122, 30, 30, 123, 30, 30, 124, 30, 30, 125, 30, 31, 10, 31, 31, 11, 31, 31, 12, 31, 31, 13, 31, 31, 14, 31, 31, 31, 31, 31, 40, 31, 31, 43, 31, 31, 44, 31, 31, 45, 31, 31, 46, 31, 31, 56, 31, 31, 58, 31, 31, 60, 31, 31, 61, 31, 31, 62, 31, 31, 72, 31, 31, 74, 31, 31, 75, 31, 31, 77, 31, 31, 78, 31, 31, 88, 31, 31, 90, 31, 31, 91, 31, 31, 92, 31, 31, 94, 31, 31, 104, 31, 31, 106, 31, 31, 107, 31, 31, 108, 31, 31, 109, 31, 40, 27, 40, 40, 28, 40, 40, 29, 40, 40, 30, 40, 40, 31, 40, 40, 40, 40, 40, 57, 40, 40, 60, 40, 40, 61, 40, 40, 62, 40, 40, 63, 40, 40, 73, 40, 40, 75, 40, 40, 77, 40, 40, 78, 40, 40, 79, 40, 40, 89, 40, 40, 91, 40, 40, 92, 40, 40, 94, 40, 40, 95, 40, 40, 105, 40, 40, 107, 40, 40, 108, 40, 40, 109, 40, 40, 111, 40, 40, 121, 40, 40, 123, 40, 40, 124, 40, 40, 125, 40, 40, 126, 40, 41, 11, 41, 41, 12, 41, 41, 13, 41, 41, 14, 41, 41, 15, 41, 41, 41, 41, 41, 56, 41, 41, 60, 41, 41, 61, 41, 41, 62, 41, 41, 63, 41, 41, 72, 41, 41, 75, 41, 41, 77, 41, 41, 78, 41, 41, 79, 41, 41, 88, 41, 41, 91, 41, 41, 92, 41, 41, 94, 41, 41, 95, 41, 41, 104, 41, 41, 107, 41, 41, 108, 41, 41, 109, 41, 41, 111, 41, 41, 120, 41, 41, 123, 41, 41, 124, 41, 41, 125, 41, 41, 126, 41, 43, 9, 43, 43, 12, 43, 43, 13, 43, 43, 14, 43, 43, 15, 43, 43, 24, 43, 43, 28, 43, 43, 29, 43, 43, 30, 43, 43, 31, 43, 43, 43, 43, 43, 72, 43, 43, 73, 43, 43, 77, 43, 43, 78, 43, 43, 79, 43, 43, 88, 43, 43, 89, 43, 43, 92, 43, 43, 94, 43, 43, 95, 43, 43, 104, 43, 43, 105, 43, 43, 108, 43, 43, 109, 43, 43, 111, 43, 43, 120, 43, 43, 121, 43, 43, 124, 43, 43, 125, 43, 43, 126, 43, 44, 9, 44, 44, 11, 44, 44, 13, 44, 44, 14, 44, 44, 15, 44, 44, 24, 44, 44, 27, 44, 44, 29, 44, 44, 30, 44, 44, 31, 44, 44, 44, 44, 44, 56, 44, 44, 57, 44, 44, 61, 44, 44, 62, 44, 44, 63, 44, 44, 88, 44, 44, 89, 44, 44, 91, 44, 44, 94, 44, 44, 95, 44, 44, 104, 44, 44, 105, 44, 44, 107, 44, 44, 109, 44, 44, 111, 44, 44, 120, 44, 44, 121, 44, 44, 123, 44, 44, 125, 44, 44, 126, 44, 45, 9, 45, 45, 11, 45, 45, 12, 45, 45, 14, 45, 45, 15, 45, 45, 24, 45, 45, 27, 45, 45, 28, 45, 45, 30, 45, 45, 31, 45, 45, 45, 45, 45, 56, 45, 45, 57, 45, 45, 60, 45, 45, 62, 45, 45, 63, 45, 45, 72, 45, 45, 73, 45, 45, 75, 45, 45, 78, 45, 45, 79, 45, 45, 104, 45, 45, 105, 45, 45, 107, 45, 45, 108, 45, 45, 111, 45, 45, 120, 45, 45, 121, 45, 45, 123, 45, 45, 124, 45, 45, 126, 45, 46, 9, 46, 46, 11, 46, 46, 12, 46, 46, 13, 46, 46, 15, 46, 46, 24, 46, 46, 27, 46, 46, 28, 46, 46, 29, 46, 46, 31, 46, 46, 46, 46, 46, 56, 46, 46, 57, 46, 46, 60, 46, 46, 61, 46, 46, 63, 46, 46, 72, 46, 46, 73, 46, 46, 75, 46, 46, 77, 46, 46, 79, 46, 46, 88, 46, 46, 89, 46, 46, 91, 46, 46, 92, 46, 46, 95, 46, 46, 120, 46, 46, 121, 46, 46, 123, 46, 46, 124, 46, 46, 125, 46, 47, 9, 47, 47, 11, 47, 47, 12, 47, 47, 13, 47, 47, 14, 47, 47, 24, 47, 47, 27, 47, 47, 28, 47, 47, 29, 47, 47, 30, 47, 47, 47, 47, 47, 56, 47, 47, 57, 47, 47, 60, 47, 47, 61, 47, 47, 62, 47, 47, 72, 47, 47, 73, 47, 47, 75, 47, 47, 77, 47, 47, 78, 47, 47, 88, 47, 47, 89, 47, 47, 91, 47, 47, 92, 47, 47, 94, 47, 47, 104, 47, 47, 105, 47, 47, 107, 47, 47, 108, 47, 47, 109, 47, 56, 26, 56, 56, 28, 56, 56, 29, 56, 56, 30, 56, 56, 31, 56, 56, 41, 56, 56, 44, 56, 56, 45, 56, 56, 46, 56, 56, 47, 56, 56, 56, 56, 56, 73, 56, 56, 74, 56, 56, 77, 56, 56, 78, 56, 56, 79, 56, 56, 89, 56, 56, 90, 56, 56, 92, 56, 56, 94, 56, 56, 95, 56, 56, 105, 56, 56, 106, 56, 56, 108, 56, 56, 109, 56, 56, 111, 56, 56, 121, 56, 56, 122, 56, 56, 124, 56, 56, 125, 56, 56, 126, 56, 57, 10, 57, 57, 12, 57, 57, 13, 57, 57, 14, 57, 57, 15, 57, 57, 40, 57, 57, 44, 57, 57, 45, 57, 57, 46, 57, 57, 47, 57, 57, 57, 57, 57, 72, 57, 57, 74, 57, 57, 77, 57, 57, 78, 57, 57, 79, 57, 57, 88, 57, 57, 90, 57, 57, 92, 57, 57, 94, 57, 57, 95, 57, 57, 104, 57, 57, 106, 57, 57, 108, 57, 57, 109, 57, 57, 111, 57, 57, 120, 57, 57, 122, 57, 57, 124, 57, 57, 125, 57, 57, 126, 57, 58, 9, 58, 58, 12, 58, 58, 13, 58, 58, 14, 58, 58, 15, 58, 58, 24, 58, 58, 28, 58, 58, 29, 58, 58, 30, 58, 58, 31, 58, 58, 58, 58, 58, 72, 58, 58, 73, 58, 58, 77, 58, 58, 78, 58, 58, 79, 58, 58, 88, 58, 58, 89, 58, 58, 92, 58, 58, 94, 58, 58, 95, 58, 58, 104, 58, 58, 105, 58, 58, 108, 58, 58, 109, 58, 58, 111, 58, 58, 120, 58, 58, 121, 58, 58, 124, 58, 58, 125, 58, 58, 126, 58, 60, 9, 60, 60, 10, 60, 60, 13, 60, 60, 14, 60, 60, 15, 60, 60, 24, 60, 60, 26, 60, 60, 29, 60, 60, 30, 60, 60, 31, 60, 60, 40, 60, 60, 41, 60, 60, 45, 60, 60, 46, 60, 60, 47, 60, 60, 60, 60, 60, 88, 60, 60, 89, 60, 60, 90, 60, 60, 94, 60, 60, 95, 60, 60, 104, 60, 60, 105, 60, 60, 106, 60, 60, 109, 60, 60, 111, 60, 60, 120, 60, 60, 121, 60, 60, 122, 60, 60, 125, 60, 60, 126, 60, 61, 9, 61, 61, 10, 61, 61, 12, 61, 61, 14, 61, 61, 15, 61, 61, 24, 61, 61, 26, 61, 61, 28, 61, 61, 30, 61, 61, 31, 61, 61, 40, 61, 61, 41, 61, 61, 44, 61, 61, 46, 61, 61, 47, 61, 61, 61, 61, 61, 72, 61, 61, 73, 61, 61, 74, 61, 61, 78, 61, 61, 79, 61, 61, 104, 61, 61, 105, 61, 61, 106, 61, 61, 108, 61, 61, 111, 61, 61, 120, 61, 61, 121, 61, 61, 122, 61, 61, 124, 61, 61, 126, 61, 62, 9, 62, 62, 10, 62, 62, 12, 62, 62, 13, 62, 62, 15, 62, 62, 24, 62, 62, 26, 62, 62, 28, 62, 62, 29, 62, 62, 31, 62, 62, 40, 62, 62, 41, 62, 62, 44, 62, 62, 45, 62, 62, 47, 62, 62, 62, 62, 62, 72, 62, 62, 73, 62, 62, 74, 62, 62, 77, 62, 62, 79, 62, 62, 88, 62, 62, 89, 62, 62, 90, 62, 62, 92, 62, 62, 95, 62, 62, 120, 62, 62, 121, 62, 62, 122, 62, 62, 124, 62, 62, 125, 62, 63, 9, 63, 63, 10, 63, 63, 12, 63, 63, 13, 63, 63, 14, 63, 63, 24, 63, 63, 26, 63, 63, 28, 63, 63, 29, 63, 63, 30, 63, 63, 40, 63, 63, 41, 63, 63, 44, 63, 63, 45, 63, 63, 46, 63, 63, 63, 63, 63, 72, 63, 63, 73, 63, 63, 74, 63, 63, 77, 63, 63, 78, 63, 63, 88, 63, 63, 89, 63, 63, 90, 63, 63, 92, 63, 63, 94, 63, 63, 104, 63, 63, 105, 63, 63, 106, 63, 63, 108, 63, 63, 109, 63, 72, 26, 72, 72, 27, 72, 72, 29, 72, 72, 30, 72, 72, 31, 72, 72, 41, 72, 72, 43, 72, 72, 45, 72, 72, 46, 72, 72, 47, 72, 72, 57, 72, 72, 58, 72, 72, 61, 72, 72, 62, 72, 72, 63, 72, 72, 72, 72, 72, 89, 72, 72, 90, 72, 72, 91, 72, 72, 94, 72, 72, 95, 72, 72, 105, 72, 72, 106, 72, 72, 107, 72, 72, 109, 72, 72, 111, 72, 72, 121, 72, 72, 122, 72, 72, 123, 72, 72, 125, 72, 72, 126, 72, 73, 10, 73, 73, 11, 73, 73, 13, 73, 73, 14, 73, 73, 15, 73, 73, 40, 73, 73, 43, 73, 73, 45, 73, 73, 46, 73, 73, 47, 73, 73, 56, 73, 73, 58, 73, 73, 61, 73, 73, 62, 73, 73, 63, 73, 73, 73, 73, 73, 88, 73, 73, 90, 73, 73, 91, 73, 73, 94, 73, 73, 95, 73, 73, 104, 73, 73, 106, 73, 73, 107, 73, 73, 109, 73, 73, 111, 73, 73, 120, 73, 73, 122, 73, 73, 123, 73, 73, 125, 73, 73, 126, 73, 74, 9, 74, 74, 11, 74, 74, 13, 74, 74, 14, 74, 74, 15, 74, 74, 24, 74, 74, 27, 74, 74, 29, 74, 74, 30, 74, 74, 31, 74, 74, 56, 74, 74, 57, 74, 74, 61, 74, 74, 62, 74, 74, 63, 74, 74, 74, 74, 74, 88, 74, 74, 89, 74, 74, 91, 74, 74, 94, 74, 74, 95, 74, 74, 104, 74, 74, 105, 74, 74, 107, 74, 74, 109, 74, 74, 111, 74, 74, 120, 74, 74, 121, 74, 74, 123, 74, 74, 125, 74, 74, 126, 74, 75, 9, 75, 75, 10, 75, 75, 13, 75, 75, 14, 75, 75, 15, 75, 75, 24, 75, 75, 26, 75, 75, 29, 75, 75, 30, 75, 75, 31, 75, 75, 40, 75, 75, 41, 75, 75, 45, 75, 75, 46, 75, 75, 47, 75, 75, 75, 75, 75, 88, 75, 75, 89, 75, 75, 90, 75, 75, 94, 75, 75, 95, 75, 75, 104, 75, 75, 105, 75, 75, 106, 75, 75, 109, 75, 75, 111, 75, 75, 120, 75, 75, 121, 75, 75, 122, 75, 75, 125, 75, 75, 126, 75, 77, 9, 77, 77, 10, 77, 77, 11, 77, 77, 14, 77, 77, 15, 77, 77, 24, 77, 77, 26, 77, 77, 27, 77, 77, 30, 77, 77, 31, 77, 77, 40, 77, 77, 41, 77, 77, 43, 77, 77, 46, 77, 77, 47, 77, 77, 56, 77, 77, 57, 77, 77, 58, 77, 77, 62, 77, 77, 63, 77, 77, 77, 77, 77, 104, 77, 77, 105, 77, 77, 106, 77, 77, 107, 77, 77, 111, 77, 77, 120, 77, 77, 121, 77, 77, 122, 77, 77, 123, 77, 77, 126, 77, 78, 9, 78, 78, 10, 78, 78, 11, 78, 78, 13, 78, 78, 15, 78, 78, 24, 78, 78, 26, 78, 78, 27, 78, 78, 29, 78, 78, 31, 78, 78, 40, 78, 78, 41, 78, 78, 43, 78, 78, 45, 78, 78, 47, 78, 78, 56, 78, 78, 57, 78, 78, 58, 78, 78, 61, 78, 78, 63, 78, 78, 78, 78, 78, 88, 78, 78, 89, 78, 78, 90, 78, 78, 91, 78, 78, 95, 78, 78, 120, 78, 78, 121, 78, 78, 122, 78, 78, 123, 78, 78, 125, 78, 79, 9, 79, 79, 10, 79, 79, 11, 79, 79, 13, 79, 79, 14, 79, 79, 24, 79, 79, 26, 79, 79, 27, 79, 79, 29, 79, 79, 30, 79, 79, 40, 79, 79, 41, 79, 79, 43, 79, 79, 45, 79, 79, 46, 79, 79, 56, 79, 79, 57, 79, 79, 58, 79, 79, 61, 79, 79, 62, 79, 79, 79, 79, 79, 88, 79, 79, 89, 79, 79, 90, 79, 79, 91, 79, 79, 94, 79, 79, 104, 79, 79, 105, 79, 79, 106, 79, 79, 107, 79, 79, 109, 79, 88, 26, 88, 88, 27, 88, 88, 28, 88, 88, 30, 88, 88, 31, 88, 88, 41, 88, 88, 43, 88, 88, 44, 88, 88, 46, 88, 88, 47, 88, 88, 57, 88, 88, 58, 88, 88, 60, 88, 88, 62, 88, 88, 63, 88, 88, 73, 88, 88, 74, 88, 88, 75, 88, 88, 78, 88, 88, 79, 88, 88, 88, 88, 88, 105, 88, 88, 106, 88, 88, 107, 88, 88, 108, 88, 88, 111, 88, 88, 121, 88, 88, 122, 88, 88, 123, 88, 88, 124, 88, 88, 126, 88, 89, 10, 89, 89, 11, 89, 89, 12, 89, 89, 14, 89, 89, 15, 89, 89, 40, 89, 89, 43, 89, 89, 44, 89, 89, 46, 89, 89, 47, 89, 89, 56, 89, 89, 58, 89, 89, 60, 89, 89, 62, 89, 89, 63, 89, 89, 72, 89, 89, 74, 89, 89, 75, 89, 89, 78, 89, 89, 79, 89, 89, 89, 89, 89, 104, 89, 89, 106, 89, 89, 107, 89, 89, 108, 89, 89, 111, 89, 89, 120, 89, 89, 122, 89, 89, 123, 89, 89, 124, 89, 89, 126, 89, 90, 9, 90, 90, 11, 90, 90, 12, 90, 90, 14, 90, 90, 15, 90, 90, 24, 90, 90, 27, 90, 90, 28, 90, 90, 30, 90, 90, 31, 90, 90, 56, 90, 90, 57, 90, 90, 60, 90, 90, 62, 90, 90, 63, 90, 90, 72, 90, 90, 73, 90, 90, 75, 90, 90, 78, 90, 90, 79, 90, 90, 90, 90, 90, 104, 90, 90, 105, 90, 90, 107, 90, 90, 108, 90, 90, 111, 90, 90, 120, 90, 90, 121, 90, 90, 123, 90, 90, 124, 90, 90, 126, 90, 91, 9, 91, 91, 10, 91, 91, 12, 91, 91, 14, 91, 91, 15, 91, 91, 24, 91, 91, 26, 91, 91, 28, 91, 91, 30, 91, 91, 31, 91, 91, 40, 91, 91, 41, 91, 91, 44, 91, 91, 46, 91, 91, 47, 91, 91, 72, 91, 91, 73, 91, 91, 74, 91, 91, 78, 91, 91, 79, 91, 91, 91, 91, 91, 104, 91, 91, 105, 91, 91, 106, 91, 91, 108, 91, 91, 111, 91, 91, 120, 91, 91, 121, 91, 91, 122, 91, 91, 124, 91, 91, 126, 91, 92, 9, 92, 92, 10, 92, 92, 11, 92, 92, 14, 92, 92, 15, 92, 92, 24, 92, 92, 26, 92, 92, 27, 92, 92, 30, 92, 92, 31, 92, 92, 40, 92, 92, 41, 92, 92, 43, 92, 92, 46, 92, 92, 47, 92, 92, 56, 92, 92, 57, 92, 92, 58, 92, 92, 62, 92, 92, 63, 92, 92, 92, 92, 92, 104, 92, 92, 105, 92, 92, 106, 92, 92, 107, 92, 92, 111, 92, 92, 120, 92, 92, 121, 92, 92, 122, 92, 92, 123, 92, 92, 126, 92, 94, 9, 94, 94, 10, 94, 94, 11, 94, 94, 12, 94, 94, 15, 94, 94, 24, 94, 94, 26, 94, 94, 27, 94, 94, 28, 94, 94, 31, 94, 94, 40, 94, 94, 41, 94, 94, 43, 94, 94, 44, 94, 94, 47, 94, 94, 56, 94, 94, 57, 94, 94, 58, 94, 94, 60, 94, 94, 63, 94, 94, 72, 94, 94, 73, 94, 94, 74, 94, 94, 75, 94, 94, 79, 94, 94, 94, 94, 94, 120, 94, 94, 121, 94, 94, 122, 94, 94, 123, 94, 94, 124, 94, 95, 9, 95, 95, 10, 95, 95, 11, 95, 95, 12, 95, 95, 14, 95, 95, 24, 95, 95, 26, 95, 95, 27, 95, 95, 28, 95, 95, 30, 95, 95, 40, 95, 95, 41, 95, 95, 43, 95, 95, 44, 95, 95, 46, 95, 95, 56, 95, 95, 57, 95, 95, 58, 95, 95, 60, 95, 95, 62, 95, 95, 72, 95, 95, 73, 95, 95, 74, 95, 95, 75, 95, 95, 78, 95, 95, 95, 95, 95, 104, 95, 95, 105, 95, 95, 106, 95, 95, 107, 95, 95, 108, 95, 104, 26, 104, 104, 27, 104, 104, 28, 104, 104, 29, 104, 104, 31, 104, 104, 41, 104, 104, 43, 104, 104, 44, 104, 104, 45, 104, 104, 47, 104, 104, 57, 104, 104, 58, 104, 104, 60, 104, 104, 61, 104, 104, 63, 104, 104, 73, 104, 104, 74, 104, 104, 75, 104, 104, 77, 104, 104, 79, 104, 104, 89, 104, 104, 90, 104, 104, 91, 104, 104, 92, 104, 104, 95, 104, 104, 104, 104, 104, 121, 104, 104, 122, 104, 104, 123, 104, 104, 124, 104, 104, 125, 104, 105, 10, 105, 105, 11, 105, 105, 12, 105, 105, 13, 105, 105, 15, 105, 105, 40, 105, 105, 43, 105, 105, 44, 105, 105, 45, 105, 105, 47, 105, 105, 56, 105, 105, 58, 105, 105, 60, 105, 105, 61, 105, 105, 63, 105, 105, 72, 105, 105, 74, 105, 105, 75, 105, 105, 77, 105, 105, 79, 105, 105, 88, 105, 105, 90, 105, 105, 91, 105, 105, 92, 105, 105, 95, 105, 105, 105, 105, 105, 120, 105, 105, 122, 105, 105, 123, 105, 105, 124, 105, 105, 125, 105, 106, 9, 106, 106, 11, 106, 106, 12, 106, 106, 13, 106, 106, 15, 106, 106, 24, 106, 106, 27, 106, 106, 28, 106, 106, 29, 106, 106, 31, 106, 106, 56, 106, 106, 57, 106, 106, 60, 106, 106, 61, 106, 106, 63, 106, 106, 72, 106, 106, 73, 106, 106, 75, 106, 106, 77, 106, 106, 79, 106, 106, 88, 106, 106, 89, 106, 106, 91, 106, 106, 92, 106, 106, 95, 106, 106, 106, 106, 106, 120, 106, 106, 121, 106, 106, 123, 106, 106, 124, 106, 106, 125, 106, 107, 9, 107, 107, 10, 107, 107, 12, 107, 107, 13, 107, 107, 15, 107, 107, 24, 107, 107, 26, 107, 107, 28, 107, 107, 29, 107, 107, 31, 107, 107, 40, 107, 107, 41, 107, 107, 44, 107, 107, 45, 107, 107, 47, 107, 107, 72, 107, 107, 73, 107, 107, 74, 107, 107, 77, 107, 107, 79, 107, 107, 88, 107, 107, 89, 107, 107, 90, 107, 107, 92, 107, 107, 95, 107, 107, 107, 107, 107, 120, 107, 107, 121, 107, 107, 122, 107, 107, 124, 107, 107, 125, 107, 108, 9, 108, 108, 10, 108, 108, 11, 108, 108, 13, 108, 108, 15, 108, 108, 24, 108, 108, 26, 108, 108, 27, 108, 108, 29, 108, 108, 31, 108, 108, 40, 108, 108, 41, 108, 108, 43, 108, 108, 45, 108, 108, 47, 108, 108, 56, 108, 108, 57, 108, 108, 58, 108, 108, 61, 108, 108, 63, 108, 108, 88, 108, 108, 89, 108, 108, 90, 108, 108, 91, 108, 108, 95, 108, 108, 108, 108, 108, 120, 108, 108, 121, 108, 108, 122, 108, 108, 123, 108, 108, 125, 108, 109, 9, 109, 109, 10, 109, 109, 11, 109, 109, 12, 109, 109, 15, 109, 109, 24, 109, 109, 26, 109, 109, 27, 109, 109, 28, 109, 109, 31, 109, 109, 40, 109, 109, 41, 109, 109, 43, 109, 109, 44, 109, 109, 47, 109, 109, 56, 109, 109, 57, 109, 109, 58, 109, 109, 60, 109, 109, 63, 109, 109, 72, 109, 109, 73, 109, 109, 74, 109, 109, 75, 109, 109, 79, 109, 109, 109, 109, 109, 120, 109, 109, 121, 109, 109, 122, 109, 109, 123, 109, 109, 124, 109, 111, 9, 111, 111, 10, 111, 111, 11, 111, 111, 12, 111, 111, 13, 111, 111, 24, 111, 111, 26, 111, 111, 27, 111, 111, 28, 111, 111, 29, 111, 111, 40, 111, 111, 41, 111, 111, 43, 111, 111, 44, 111, 111, 45, 111, 111, 56, 111, 111, 57, 111, 111, 58, 111, 111, 60, 111, 111, 61, 111, 111, 72, 111, 111, 73, 111, 111, 74, 111, 111, 75, 111, 111, 77, 111, 111, 88, 111, 111, 89, 111, 111, 90, 111, 111, 91, 111, 111, 92, 111, 111, 111, 111, 120, 26, 120, 120, 27, 120, 120, 28, 120, 120, 29, 120, 120, 30, 120, 120, 41, 120, 120, 43, 120, 120, 44, 120, 120, 45, 120, 120, 46, 120, 120, 57, 120, 120, 58, 120, 120, 60, 120, 120, 61, 120, 120, 62, 120, 120, 73, 120, 120, 74, 120, 120, 75, 120, 120, 77, 120, 120, 78, 120, 120, 89, 120, 120, 90, 120, 120, 91, 120, 120, 92, 120, 120, 94, 120, 120, 105, 120, 120, 106, 120, 120, 107, 120, 120, 108, 120, 120, 109, 120, 120, 120, 120, 121, 10, 121, 121, 11, 121, 121, 12, 121, 121, 13, 121, 121, 14, 121, 121, 40, 121, 121, 43, 121, 121, 44, 121, 121, 45, 121, 121, 46, 121, 121, 56, 121, 121, 58, 121, 121, 60, 121, 121, 61, 121, 121, 62, 121, 121, 72, 121, 121, 74, 121, 121, 75, 121, 121, 77, 121, 121, 78, 121, 121, 88, 121, 121, 90, 121, 121, 91, 121, 121, 92, 121, 121, 94, 121, 121, 104, 121, 121, 106, 121, 121, 107, 121, 121, 108, 121, 121, 109, 121, 121, 121, 121, 122, 9, 122, 122, 11, 122, 122, 12, 122, 122, 13, 122, 122, 14, 122, 122, 24, 122, 122, 27, 122, 122, 28, 122, 122, 29, 122, 122, 30, 122, 122, 56, 122, 122, 57, 122, 122, 60, 122, 122, 61, 122, 122, 62, 122, 122, 72, 122, 122, 73, 122, 122, 75, 122, 122, 77, 122, 122, 78, 122, 122, 88, 122, 122, 89, 122, 122, 91, 122, 122, 92, 122, 122, 94, 122, 122, 104, 122, 122, 105, 122, 122, 107, 122, 122, 108, 122, 122, 109, 122, 122, 122, 122, 123, 9, 123, 123, 10, 123, 123, 12, 123, 123, 13, 123, 123, 14, 123, 123, 24, 123, 123, 26, 123, 123, 28, 123, 123, 29, 123, 123, 30, 123, 123, 40, 123, 123, 41, 123, 123, 44, 123, 123, 45, 123, 123, 46, 123, 123, 72, 123, 123, 73, 123, 123, 74, 123, 123, 77, 123, 123, 78, 123, 123, 88, 123, 123, 89, 123, 123, 90, 123, 123, 92, 123, 123, 94, 123, 123, 104, 123, 123, 105, 123, 123, 106, 123, 123, 108, 123, 123, 109, 123, 123, 123, 123, 124, 9, 124, 124, 10, 124, 124, 11, 124, 124, 13, 124, 124, 14, 124, 124, 24, 124, 124, 26, 124, 124, 27, 124, 124, 29, 124, 124, 30, 124, 124, 40, 124, 124, 41, 124, 124, 43, 124, 124, 45, 124, 124, 46, 124, 124, 56, 124, 124, 57, 124, 124, 58, 124, 124, 61, 124, 124, 62, 124, 124, 88, 124, 124, 89, 124, 124, 90, 124, 124, 91, 124, 124, 94, 124, 124, 104, 124, 124, 105, 124, 124, 106, 124, 124, 107, 124, 124, 109, 124, 124, 124, 124, 125, 9, 125, 125, 10, 125, 125, 11, 125, 125, 12, 125, 125, 14, 125, 125, 24, 125, 125, 26, 125, 125, 27, 125, 125, 28, 125, 125, 30, 125, 125, 40, 125, 125, 41, 125, 125, 43, 125, 125, 44, 125, 125, 46, 125, 125, 56, 125, 125, 57, 125, 125, 58, 125, 125, 60, 125, 125, 62, 125, 125, 72, 125, 125, 73, 125, 125, 74, 125, 125, 75, 125, 125, 78, 125, 125, 104, 125, 125, 105, 125, 125, 106, 125, 125, 107, 125, 125, 108, 125, 125, 125, 125, 126, 9, 126, 126, 10, 126, 126, 11, 126, 126, 12, 126, 126, 13, 126, 126, 24, 126, 126, 26, 126, 126, 27, 126, 126, 28, 126, 126, 29, 126, 126, 40, 126, 126, 41, 126, 126, 43, 126, 126, 44, 126, 126, 45, 126, 126, 56, 126, 126, 57, 126, 126, 58, 126, 126, 60, 126, 126, 61, 126, 126, 72, 126, 126, 73, 126, 126, 74, 126, 126, 75, 126, 126, 77, 126, 126, 88, 126, 126, 89, 126, 126, 90, 126, 126, 91, 126, 126, 92, 126, 126, 126, 126]}
46 Greater ['hcode_f', 'h_thresholds'] -> ['hgate_bool'] {}
47 CastLike ['hgate_bool', 'idx_marker_f16'] -> ['hgate_f16'] {}
48 PRelu ['neg_one_11_f16', 'hgate_f16'] -> ['neg_hgate_f16'] {}
49 CastLike ['input_cloak', 'one_u8'] -> ['input_i8'] {}
50 PRelu ['neg_hgate_f16', 'upd_slope_f16'] -> ['updates_f16'] {}
51 CastLike ['updates_f16', 'one_u8'] -> ['updates3224'] {}
52 CenterCropPad ['idx_marker_f16', 'batch_shape'] -> ['idx_marker_cloak'] {'axes': [0]}
53 Unsqueeze ['row_u8_cloak', 'axes12'] -> ['row_neg_u_i8'] {}
54 Sub ['neg_row_offsets_i8', 'row_neg_u_i8'] -> ['row_slope_34_i8'] {}
55 CenterCropPad ['row_slope_34_i8', 'idx_shape3'] -> ['row_slope_cloak_i8'] {'axes': [2]}
56 CastLike ['row_slope_cloak_i8', 'idx_marker_f16'] -> ['row_slope_cloak'] {}
57 CenterCropPad ['left_col', 'idx_shape3'] -> ['left_col_cloak2'] {'axes': [0]}
58 Unsqueeze ['left_col_cloak2', 'axes12'] -> ['col_pos_u_i8'] {}
59 Add ['col_pos_u_i8', 'pos_col_offsets_i8'] -> ['col_pos_32_i8'] {}
60 CenterCropPad ['col_pos_32_i8', 'idx_shape3'] -> ['col_pos_u5_cloak_i8'] {'axes': [2]}
61 CastLike ['col_pos_u5_cloak_i8', 'idx_marker_f16'] -> ['col_pos_u5_f16'] {}
62 CenterCropPad ['col_marker_f16', 'batch_shape'] -> ['col_marker_cloak'] {'axes': [0]}
63 PRelu ['col_marker_cloak', 'col_pos_u5_f16'] -> ['col_slope_coord_cloak'] {}
64 PRelu ['idx_marker_cloak', 'col_slope_coord_cloak'] -> ['idx_col_stage'] {}
65 PRelu ['idx_col_stage', 'row_slope_cloak'] -> ['idx_float5'] {}
66 CastLike ['idx_float5', 'idx_shape3'] -> ['scatternd_idx'] {}
67 ScatterND ['input_i8', 'scatternd_idx', 'updates3224'] -> ['output'] {'reduction': 'add'}
